-29860	-32317	32431	32629	-32343	-32312	-32313	32554	4183788	0	0	0	0	0
-32315	-32323	32412	32487	-32330	-32317	-32318	32682	4183836	0	0	0	0	0
-21515	1821	32618	32487	-32304	-27343	-32292	32511	4183844	0	0	0	0	0
-13993	433	32503	32408	-32315	-19885	-32297	32751	4186274	0	0	0	0	0
-29829	-32312	32469	32488	-32312	-32316	-32316	32767	4219991	0	0	0	0	0
-32315	-32313	32611	32600	-32315	-32321	-32309	32396	4220007	0	0	0	0	0
-32326	5255	32633	32750	-32299	-32317	-32322	32421	4222457	0	0	0	0	0
-27258	22626	32547	32477	-32316	791	-32308	32407	4222465	0	0	0	0	0
-32321	-22475	32767	32533	-32312	-32314	-32323	28408	4225081	0	0	0	0	0
-32299	-32342	32695	32659	-32317	-32309	-32319	12855	4225089	0	0	0	0	0
-32321	14195	32582	32480	-32297	-32315	-32322	24715	4227454	0	0	0	0	0
-21572	32481	32432	32403	-13161	28951	-32317	32535	4227461	0	0	0	0	0
-25497	17955	32473	32583	-32297	-19596	-32296	25808	4230030	0	0	0	0	0
-32317	-17961	24333	32767	-32294	-32325	-32317	5167	4230042	0	0	0	0	0
-32309	17703	20151	32472	-32320	-32328	-32329	5769	4232480	0	0	0	0	0
-19055	32485	32684	32451	2391	32528	-32327	25498	4266262	0	0	0	0	0
-28215	32529	25286	32407	-2873	32398	-32293	11357	4266276	0	0	0	0	0
-32346	332	4096	32509	-32308	-32335	-32297	-12213	4266281	0	0	0	0	0
-32313	16576	-2377	32490	-32308	-32325	-32317	-12723	4268742	0	0	0	0	0
-32299	32457	8210	32420	12068	32367	-32316	2635	4268754	0	0	0	0	0
-21264	32767	18775	32454	32500	32707	-32281	11343	4271365	0	0	0	0	0
-31533	32686	4797	32767	-16420	1787	-32309	-3868	4271378	0	0	0	0	0
-32322	26631	-2023	32576	-32324	-12833	-32325	-8443	4271383	0	0	0	0	0
-19452	32613	11499	32427	32572	32471	-32317	11246	4273737	0	0	0	0	0
-2747	32447	29411	32554	32398	32471	-19341	30500	4273750	0	0	0	0	0
-7599	32552	23915	32487	32452	32696	-32305	22725	4273755	0	0	0	0	0
-14117	32446	16614	32457	32469	32534	-32317	18277	4279988	0	0	0	0	0
4058	32508	32464	32439	32433	32343	32644	32476	4280001	0	0	0	0	0
20771	32767	32640	32493	32617	32767	32524	32684	4313927	0	0	0	0	0
22142	32471	32495	32656	32480	32748	32524	32445	4313944	0	0	0	0	0
7627	-4432	32579	32421	32530	32476	32743	32563	4313948	0	0	0	0	0
8069	2311	32681	32499	32639	32504	32460	32646	4316262	0	0	0	0	0
20117	32531	32713	32422	32503	32412	32325	32746	4318723	0	0	0	0	0
14128	-12391	32505	32507	32423	32541	32491	32482	4318734	0	0	0	0	0
-8633	-32332	32468	32572	-32321	-32325	32521	32530	4321336	0	0	0	0	0
-25238	-32328	32472	32493	-32306	-32312	-29201	32461	4321344	0	0	0	0	0
-16952	-253	32644	32477	-32295	-32297	15005	32484	4323731	0	0	0	0	0
-12433	20679	32757	32490	-16884	-9518	25077	32491	4323739	0	0	0	0	0
-29066	-27265	21339	32621	-32321	-32329	-32319	32407	4326213	4353278	0	0	0	0
-32309	-29459	1369	32391	-32319	-32353	-32321	14179	4361436	0	0	0	0	0
-32325	32767	1440	32480	-32311	-26213	-32323	20211	4361451	0	0	0	0	0
-27324	32443	11313	32648	1069	32380	-32319	29844	4361457	0	0	0	0	0
-32313	18863	-2931	32567	-32314	-31668	-32363	12248	4363770	0	0	0	0	0
-32326	-16817	-30159	27004	-32307	-32315	-32310	-14741	4363778	0	0	0	0	0
-32318	32642	-27781	30730	-32323	-32316	-32326	-8061	4366351	0	0	0	0	0
-32321	32463	-14815	32672	583	32621	-32320	8041	4366363	0	0	0	0	0
-31246	32561	-17964	32703	-25230	13067	-32320	-501	4366388	4366882	0	0	0	0
-32309	13792	-32317	14834	-32317	-32320	-32316	-28887	4368775	0	0	0	0	0
-32315	32594	-32306	9133	-32316	-32323	-32324	-32308	4368794	0	0	0	0	0
-32299	32572	-32323	23737	3560	32441	-32292	-13279	4368799	4370319	0	0	0	0
-27351	32407	-32317	22934	17225	32436	-32326	-16502	4372450	0	0	0	0	0
-32315	32508	-32322	-997	-32311	-29583	-32321	-32311	4372461	4372857	0	0	0	0
-32324	32581	-32309	-22811	-32330	-32321	-32320	-32323	4406394	0	0	0	0	0
-32323	32767	-32312	-12227	-1031	32741	-32276	-32325	4406436	4406807	0	0	0	0
-32317	32767	-32319	-7869	32639	32654	-32328	-32348	4408698	0	0	0	0	0
-32338	32462	-32318	-24293	-15511	23411	-32315	-32303	4408708	4409148	0	0	0	0
-32341	32710	-32344	-32322	-32321	-10264	-32323	-32317	4411302	0	0	0	0	0
-32313	32526	-32322	-27000	23530	32625	-32313	-32343	4411308	4411406	0	0	0	0
-20089	32503	-32311	-7574	32648	32614	-32313	-32313	4413717	0	0	0	0	0
-25456	32552	-32325	-17933	32553	32651	-32310	-32328	4413726	4414752	0	0	0	0
-32307	32547	-32317	-32323	-3055	26321	-32322	-32324	4416319	0	0	0	0	0
-32335	32527	-32315	-32313	32498	32617	-32335	-32335	4416327	4417064	0	0	0	0
-17801	32603	-32298	-19071	32657	32601	-32321	-32323	4422451	0	0	0	0	0
-16718	32415	-32317	-21705	32471	32486	-32296	-32329	4422465	4422544	0	0	0	0
-32323	32580	-32305	-32326	14752	32678	-32319	-32296	4456331	0	0	0	0	0
-32321	32599	-32317	-32301	15793	32406	-32298	-32327	4456345	4457041	0	0	0	0
-31173	32512	-32321	-32327	32700	32666	-32309	-32340	4458704	0	0	0	0	0
-24835	32437	-32347	-32330	32494	32393	-32290	-32289	4458711	4459366	0	0	0	0
-32311	32578	-32313	-32320	32518	32662	-32324	-32331	4461344	0	0	0	0	0
-32324	32452	-32322	-32314	-3353	22211	-32323	-32328	4461350	4461674	0	0	0	0
-32323	32669	-32301	-32345	32672	32593	-32322	-32359	4463691	4463957	0	0	0	0
-18689	32767	-32341	-32321	32536	32541	-32313	-32325	4466382	0	0	0	0	0
-30421	32403	-32349	-32324	32462	32454	-32317	-32325	4466393	0	0	0	0	0
-32313	32539	-32336	-32321	-5028	21042	-32326	-32329	4466399	4467341	0	0	0	0
-32345	32598	-32319	-32322	32566	32539	-32326	-32352	4468708	0	0	0	0	0
-19937	32406	-32333	-32326	32438	32398	-32341	-32313	4468716	4469727	0	0	0	0
-25870	32767	-32322	-32313	32656	32396	-32323	-32327	4503726	0	0	0	0	0
-32333	32465	-32321	-32313	9180	32582	-32325	-32324	4503748	4504613	0	0	0	0
-32320	32627	-32327	-32316	32466	32518	-32319	-32316	4506181	0	0	0	0	0
-29826	32501	-32305	-32307	32463	32531	-32352	-32334	4506192	4507299	0	0	0	0
-27063	32747	-32313	-32361	32410	32468	-32345	-32313	4511328	0	0	0	0	0
-32313	32436	-32319	-32310	32461	32452	-32324	-32357	4511343	4512130	0	0	0	0
-32319	32515	-32303	-32315	32487	32437	-32313	-32321	4513695	0	0	0	0	0
-21435	32607	-32307	-32334	32432	32394	-32344	-32324	4513704	4514681	0	0	0	0
-14551	32575	-32309	-32324	32545	32601	-32313	-32311	4516323	0	0	0	0	0
-26680	32552	-32306	-32337	32767	32632	-32324	-32315	4516332	4517140	0	0	0	0
-32316	32702	-32316	-32311	32501	32426	-32319	-32325	4518700	4519447	0	0	0	0
-22669	32663	-32336	-32317	32767	32490	-32330	-32325	4523684	0	0	0	0	0
-9587	32643	-32311	-32326	32436	32538	-1745	-32341	4523698	0	0	0	0	0
-28422	32407	-32306	-32314	32507	32475	-32326	-32319	4523703	4524108	0	0	0	0
-32340	32527	-32314	-32345	32767	32286	-32319	-32333	4558722	0	0	0	0	0
-32334	32682	-32308	-32330	32391	32760	-32297	-32326	4558737	4559222	0	0	0	0
-18584	32399	-32326	-32334	32408	32617	14200	-32321	4561302	0	0	0	0	0
-20339	32429	-32297	-32329	32569	32767	-12247	-32309	4561313	0	0	0	0	0
-32325	32712	-32317	-32319	32735	32595	-32331	-32319	4561318	0	0	0	0	0
-32373	32584	-32317	-32320	32745	32369	-32334	-32333	4561321	4561729	0	0	0	0
-16877	32561	-32366	-32321	32622	32487	13611	-32331	4563727	0	0	0	0	0
-10156	32763	-32324	-32320	32527	32492	24276	-32330	4563739	4564023	0	0	0	0
-27380	32549	-32334	-32323	32620	32487	-32320	-32354	4566201	0	0	0	0	0
-32309	32693	-32319	-32335	32600	32416	-32357	-32324	4566213	4566340	0	0	0	0
-15839	32453	-32308	-32362	32469	32535	291	-32338	4571329	0	0	0	0	0
-8601	32551	-32325	-32325	32449	32418	32423	-32345	4571339	4571785	0	0	0	0
-22192	32370	-32367	-32334	32617	32650	-32319	-32327	4604944	4605900	0	0	0	0
-32371	32450	-32320	-32380	32574	32425	-32324	-32333	4608310	0	0	0	0	0
-32296	32609	-32334	-32365	32543	32400	-24281	-32369	4608321	0	0	0	0	0
-15045	32463	-32320	-32341	32399	32767	32539	-32294	4608325	0	0	0	0	0
-27993	32464	-32328	-32329	32471	32472	-4857	-32299	4608329	0	0	0	0	0
-32329	32354	-32320	-32324	32558	32467	-32345	-32361	4608333	4609292	0	0	0	0
-28013	32639	-32328	-32328	32557	32428	-32327	-32358	4609944	0	0	0	0	0
-8319	32421	-32355	-32355	32433	32548	32567	-32347	4609951	4610557	0	0	0	0
-10841	32648	-32306	-32326	32625	32596	32674	-32319	4612434	4612845	0	0	0	0
-25859	32578	-32326	-32329	32486	32695	-32319	-32340	4617481	0	0	0	0	0
-26075	32673	-32329	-32341	32695	32407	-32329	-32348	4617492	0	0	0	0	0
-10724	32743	-32326	-32349	32460	32416	32411	-32329	4617497	4618571	0	0	0	0
-4665	32455	-32316	-32384	32473	32310	32727	-32370	4651193	0	0	0	0	0
-25350	32482	-32320	-32307	32429	32500	-22892	-32310	4651204	4652021	0	0	0	0
-32322	32431	-32325	-32327	32767	32471	-32323	-32331	4653867	0	0	0	0	0
-19325	32518	-32320	-32304	32752	32737	32767	-32333	4653877	0	0	0	0	0
-10708	32644	-32320	-32331	32516	32715	32477	-32362	4653882	4654478	0	0	0	0
-21369	32449	-32308	-32333	32567	32393	18819	-32313	4656336	0	0	0	0	0
-25775	32657	-32323	-32335	32663	32432	-32319	-32329	4656345	0	0	0	0	0
-13313	32551	-32333	-32334	32452	32437	30821	-32330	4656349	4656840	0	0	0	0
1041	32701	-32317	-32329	32495	32566	32438	-32341	4658860	0	0	0	0	0
-3961	32459	-32315	-32306	32521	32395	32547	-32299	4658870	4659195	0	0	0	0
-20366	32475	-32330	-32327	32500	32717	-8681	-32341	4664994	0	0	0	0	0
-14905	32456	-32337	-32337	32607	32658	27499	-32313	4665003	4665715	0	0	0	0
1417	32593	-32333	-32329	32402	32512	32489	-32340	4698791	0	0	0	0	0
-7319	32767	-32325	-32369	32563	32719	32656	-32317	4698803	4699828	0	0	0	0
-26549	32522	-32326	-32340	32583	32688	17765	-32318	4701337	0	0	0	0	0
-25041	32319	-32310	-32322	32609	32597	17292	-32353	4701348	0	0	0	0	0
-11559	32458	-32312	-32357	32649	32506	32594	-32324	4701352	0	0	0	0	0
-3839	32667	-32329	-32330	32447	32595	32593	-32351	4701356	4702163	0	0	0	0
-16063	32475	-32333	-32353	32462	32407	32582	-32330	4703837	0	0	0	0	0
-18479	32609	-32340	-32320	32577	32429	18273	-32370	4703846	4704461	0	0	0	0
-4370	32720	-32329	-32358	32674	32601	32517	-32345	4706208	4706721	0	0	0	0
7722	32565	-32331	-32325	32472	32664	32537	-32326	4711356	0	0	0	0	0
-4191	32409	-32326	-32345	32507	32436	32580	-32334	4711364	0	0	0	0	0
-17877	32502	-32355	-32327	32516	32654	32495	-32319	4711369	4712231	0	0	0	0
-7369	32465	-32346	-32339	32431	32767	32543	-32305	4746168	0	0	0	0	0
3487	32376	-32331	-32333	32670	32473	32567	-32353	4746179	4746281	0	0	0	0
-8627	32767	-32346	-32348	32558	32466	32525	-32341	4748808	0	0	0	0	0
-18651	32476	-32327	-32319	32545	32592	32518	-32333	4748816	0	0	0	0	0
-18973	32626	-32308	-32378	32551	32584	32558	-32338	4748820	0	0	0	0	0
-159	32483	-32324	-32329	32462	32582	32599	-32328	4748824	4749652	0	0	0	0
4410	32440	-32305	-32311	32536	32531	32452	-32319	4751303	0	0	0	0	0
-6662	32560	-32317	-32327	32690	32536	32498	-32320	4751310	4751943	0	0	0	0
-9519	32495	-32336	-32336	32698	32407	32663	-32329	4753681	0	0	0	0	0
6295	32577	-32346	-32326	32593	32465	32767	-32317	4753691	4754261	0	0	0	0
12090	32421	-32317	-32334	32533	32471	32606	-32332	4758706	0	0	0	0	0
-1977	32471	-32322	-32317	32476	32535	32419	-32319	4758716	4759714	0	0	0	0
-10200	32451	-32346	-32378	32415	32492	32425	-32328	4792417	4792578	0	0	0	0
-1107	32501	-32330	-32359	32587	32725	32767	-32325	4795685	0	0	0	0	0
3735	32521	-32320	-32316	32732	32767	32454	-32339	4795696	0	0	0	0	0
-2099	32411	-32319	-32327	32494	32767	32510	-32308	4795702	0	0	0	0	0
-19216	28529	-32327	-32333	32430	19713	32684	-32316	4795707	0	0	0	0	0
-8159	32479	-32347	-32333	32472	32484	32433	-32329	4795711	4796007	0	0	0	0
12333	32563	-32311	-32331	32767	32472	32518	-32362	4797425	0	0	0	0	0
10897	32464	-32331	-32337	32548	32420	32607	-32329	4797431	4798316	0	0	0	0
-4281	25221	-32295	-32328	32418	20903	32555	-32316	4799926	4800571	0	0	0	0
-720	32741	-32325	-32329	32750	32508	32518	-32333	4804909	0	0	0	0	0
14236	32631	-32333	-32301	32452	32564	32421	-32329	4804918	0	0	0	0	0
14448	32545	-32299	-32320	32495	32469	32481	-32329	4804922	4805031	0	0	0	0
-367	22871	-32302	-32320	32621	24090	32438	-32312	4838702	0	0	0	0	0
-11390	27302	-32333	-32333	29186	20699	32514	-32330	4838715	4839401	0	0	0	0
-1961	32620	-32317	-32344	32690	32603	32590	-32361	4841299	0	0	0	0	0
9426	32507	-32324	-32318	32364	32583	32764	-32329	4841305	0	0	0	0	0
-7222	21642	-32352	-32314	32496	32555	32476	-32311	4841313	4841677	0	0	0	0
-17261	5231	-32323	-32330	6565	-6128	32296	-32325	4843806	0	0	0	0	0
2701	32521	-32346	-32333	32449	32576	32623	-32329	4843817	0	0	0	0	0
16695	32475	-32327	-32333	32682	32561	32474	-32332	4843821	4843951	0	0	0	0
6637	32477	-32299	-32346	32680	32508	32487	-32329	4846299	0	0	0	0	0
-4962	729	-32325	-32316	5634	-11547	32575	-32343	4846305	4847270	0	0	0	0
717	32639	-32327	-32340	32551	32487	32664	-32310	4852545	0	0	0	0	0
14583	32501	-32346	-32332	32499	32654	32430	-30245	4852555	4852653	0	0	0	0
11587	32423	-32325	-32329	32583	32431	32596	-32327	4888719	0	0	0	0	0
-10755	-6813	-32329	-32326	7068	-12741	32631	-32326	4888735	4889494	0	0	0	0
-12596	15564	-32333	-32329	19167	14350	32499	-32331	4891315	0	0	0	0	0
6941	32410	-32325	-32348	32767	32767	32531	-32329	4891322	0	0	0	0	0
5484	32519	-32326	-32378	32485	32438	32449	-32299	4891327	0	0	0	0	0
-7073	-6512	-32303	-32351	15384	-6539	32745	-32338	4891331	4891864	0	0	0	0
-10473	-2731	-32325	-32315	-3018	-12949	32767	-32329	4893814	0	0	0	0	0
8443	32713	-32353	-32353	32454	32419	32490	-28425	4893824	4894190	0	0	0	0
17204	32767	-32320	-32323	32689	32463	32725	-18471	4896170	4896441	0	0	0	0
5891	8252	-32321	-32327	32707	20068	32503	-32330	4898712	0	0	0	0	0
-5347	-14715	-32321	-32322	-11321	-25767	32543	-32346	4898722	0	0	0	0	0
3903	32551	-32330	-32329	32448	32667	32487	-32167	4898727	4899801	0	0	0	0
20493	32699	-32326	-32345	32620	32432	32434	-9825	4907432	4908433	0	0	0	0
9529	19877	-32343	-32339	32455	32637	32767	-28249	4947603	0	0	0	0	0
-15615	-29297	-32317	-32301	-15193	-32309	32423	-32303	4947621	0	0	0	0	0
-8195	10475	-32335	-32327	24231	20908	32447	-32358	4947627	0	0	0	0	0
9523	32700	-32323	-32302	32767	32545	32767	-15644	4947632	4947932	0	0	0	0
7350	24601	-32313	-32339	32554	32620	32426	-21889	4950046	0	0	0	0	0
-8224	-32328	-32316	-32313	-9849	-32353	32638	-32330	4950056	0	0	0	0	0
-7059	-12724	-32337	-32329	-1984	-12078	32429	-32320	4950061	4950255	0	0	0	0
7547	32432	-32332	-32321	32531	32461	32512	-12969	4952422	0	0	0	0	0
18331	32407	-32330	-32329	32481	32477	32661	-3922	4952432	4952546	0	0	0	0
4766	-25336	-32326	-32317	6192	-19097	32605	-22968	4955045	0	0	0	0	0
-1810	-28001	-32338	-32325	-21573	-32312	32501	-28364	4955054	4955876	0	0	0	0
10519	32767	-32336	-32333	32571	32565	32447	-8011	4957542	4958151	0	0	0	0
22689	32640	-32319	-32319	32469	32422	32413	5729	4962529	0	0	0	0	0
10123	-15227	-32356	-32333	32575	3060	32486	-12953	4962535	0	0	0	0	0
-1802	-32321	-32318	-32323	-31511	-32329	32627	-24845	4962539	4963585	0	0	0	0
4464	10715	-32329	-32325	30212	27891	32442	-14865	4996286	0	0	0	0	0
13463	32502	-32321	-32292	32767	32767	32745	2026	4996297	4996486	0	0	0	0
6137	-10049	-32324	-32315	32528	19038	32539	-10742	4998820	0	0	0	0	0
-6985	-32317	-32304	-32337	-32309	-32320	32514	-26636	4998828	0	0	0	0	0
-7327	-20669	-32327	-32317	-9480	-17253	32767	-20683	4998832	0	0	0	0	0
11455	31776	-32323	-32320	32691	32427	32566	2662	4998835	4999870	0	0	0	0
14043	1442	-32325	-32359	32465	32535	32481	2665	5001292	0	0	0	0	0
215	-32325	-32314	-32319	-32320	-32324	32597	-16958	5001298	5002156	0	0	0	0
-2956	-32319	-32329	-32325	-32308	-32326	19812	-19488	5003667	0	0	0	0	0
11009	20379	-32319	-32319	32432	32360	32767	106	5003675	5004439	0	0	0	0
15611	14593	-32310	-32334	32767	32448	32595	2132	5010042	0	0	0	0	0
-279	-32321	-32295	-32351	-32318	-32328	8024	-21497	5010051	5010976	0	0	0	0
-9555	-32299	-32324	-32325	-32325	-32319	-32325	-31211	5046293	5047031	0	0	0	0
-2705	1815	-32321	-32319	-20421	-10405	13102	-22358	5049415	0	0	0	0	0
-1017	18078	-32299	-32322	22256	26976	32502	-17709	5049423	0	0	0	0	0
-9924	-32341	-32321	-32355	-32323	-32330	-26163	-32327	5049427	0	0	0	0	0
-27190	-32326	-32323	-32327	-32323	-32320	-32326	-32346	5049431	0	0	0	0	0
-17011	-16153	-32321	-32327	-32341	-32319	-32325	-32324	5049435	5050411	0	0	0	0
-2625	28064	-32342	-32326	5817	22135	-1790	-29978	5051302	0	0	0	0	0
-5582	-13796	-32340	-32324	-32345	-32333	-32328	-32331	5051308	0	0	0	0	0
-19037	-32328	-32325	-32324	-32324	-32335	-32322	-32320	5051312	5051678	0	0	0	0
-16060	-23072	-32331	-32347	-32314	-32331	-32322	-32317	5056290	0	0	0	0	0
-613	32505	-32309	-32325	-6411	19856	-32329	-32327	5056299	0	0	0	0	0
9	16327	-32316	-32324	-13850	-1717	-32321	-32333	5056303	5057221	0	0	0	0
-14737	-32331	-32319	-32323	-32323	-32311	-32327	-32328	5058663	5059500	0	0	0	0
-17488	-32339	-32327	-32313	-32322	-32325	-32317	-32327	5092553	0	0	0	0	0
-13486	30764	-32327	-32321	-23747	4673	-32315	-32321	5092568	0	0	0	0	0
-11382	32530	-32325	-32370	3801	20208	-32299	-32350	5092573	5093270	0	0	0	0
-23822	-31478	-32323	-32330	-32325	-32327	-32329	-32307	5094899	0	0	0	0	0
-29838	-32329	-32325	-32322	-32317	-32320	-32316	-32323	5094912	5095756	0	0	0	0
-18115	17145	-32313	-32345	-32320	-22115	-32325	-32328	5097520	0	0	0	0	0
128	32593	-32335	-32330	13869	32691	-32317	-32315	5097527	5098092	0	0	0	0
-8854	-2022	-32319	-32321	-32337	-32327	-32313	-32325	5099894	0	0	0	0	0
-19955	-32329	-32326	-32329	-32323	-32324	-32317	-32346	5099901	5100359	0	0	0	0
-11976	16252	-32306	-32327	-32333	-26018	-32323	-32357	5102519	0	0	0	0	0
4445	32636	-32339	-32376	32393	32493	-32316	-32334	5102525	5102616	0	0	0	0
432	25549	-32324	-32325	5411	12353	-32319	-32323	5111271	5112174	0	0	0	0
-13651	-29485	-32333	-32329	-32326	-32325	-32325	-32316	5145651	0	0	0	0	0
-21656	-1963	-32314	-32335	-32340	-32352	-32328	-32337	5145667	0	0	0	0	0
-4857	32513	-32331	-32330	32494	32665	-32329	-32333	5145672	0	0	0	0	0
-2049	32487	-32306	-32329	32518	32533	-32318	-32324	5145676	0	0	0	0	0
-18289	-30987	-32323	-32322	-32316	-32324	-32343	-32328	5145680	5146169	0	0	0	0
-23491	-27630	-32313	-32331	-32323	-32324	-32348	-32332	5147518	0	0	0	0	0
-9103	32445	-32345	-32324	-981	17433	-32321	-32369	5147524	5148463	0	0	0	0
-4	32537	-32313	-32366	32467	32391	-32329	-32340	5150019	5150706	0	0	0	0
-10532	-17487	-32315	-32329	-32308	-32314	-32319	-32320	5152519	0	0	0	0	0
-23370	-32329	-32324	-32329	-32319	-32328	-32317	-32316	5152526	0	0	0	0	0
-14836	14583	-32319	-32311	-32322	-32323	-32320	-32325	5152530	5152993	0	0	0	0
-4374	32568	-32301	-32323	-12377	7205	-32334	-32328	5154893	0	0	0	0	0
-14959	-4029	-32317	-32317	-32314	-32342	-32323	-32324	5154901	5155317	0	0	0	0
-31004	-32327	-32329	-32333	-32306	-32344	-32315	-32321	5190048	0	0	0	0	0
-32288	8960	-32318	-32322	-32326	-32339	-32330	-32344	5190062	0	0	0	0	0
-17059	32522	-32319	-32325	-9815	25793	-32358	-32311	5190067	0	0	0	0	0
-17083	32503	-32329	-32313	-31559	-12007	-32326	-32343	5190072	5190474	0	0	0	0
-32327	-22486	-32326	-32328	-32338	-32320	-32343	-32311	5192537	0	0	0	0	0
-31341	865	-32319	-32327	-32326	-32331	-32332	-32328	5192550	5192784	0	0	0	0
-7187	32488	-32314	-32316	-3387	32524	-32309	-32335	5194921	0	0	0	0	0
-1703	32468	-32320	-32321	11311	32421	-32313	-32323	5194929	5195042	0	0	0	0
-18279	-6147	-32328	-32329	-32314	-32325	-32311	-32321	5200037	0	0	0	0	0
-25070	-9081	-32329	-32326	-32327	-32349	-32332	-32329	5200047	5200540	0	0	0	0
-8804	32624	-32335	-32329	-12940	19842	-32318	-32316	5202406	5202822	0	0	0	0
4381	32357	-32325	-32315	32693	32496	-32327	-32319	5236305	0	0	0	0	0
-13644	9117	-32327	-32328	-32325	-32338	-32319	-32327	5236321	0	0	0	0	0
-32319	-24288	-32309	-32337	-32309	-32322	-32322	-32325	5236326	5237348	0	0	0	0
-21817	32433	-32324	-32325	-32343	-16668	-32328	-32360	5238640	0	0	0	0	0
-7865	32575	-32377	-32346	30605	32767	-32328	-32358	5238646	5239667	0	0	0	0
-14809	21835	-32322	-32330	-26566	-20037	-32327	-32330	5241262	0	0	0	0	0
-31951	-26529	-32314	-32325	-32345	-32324	-32323	-32329	5241267	5241927	0	0	0	0
-20811	14689	-32318	-32312	-32319	-32341	-32345	-32329	5243640	5244181	0	0	0	0
-2637	32651	-32323	-32327	18758	32451	-32332	-32334	5246293	0	0	0	0	0
-4781	32460	-32318	-32343	-503	10957	-32316	-32329	5246306	0	0	0	0	0
-22453	-15869	-32328	-32325	-32313	-32324	-32320	-32327	5246311	5246487	0	0	0	0
-22701	1267	-32328	-32329	-32323	-32317	-32320	-32316	5248792	0	0	0	0	0
-6096	32609	-32307	-32343	4601	32415	-32333	-32323	5248805	5249819	0	0	0	0
-6212	32421	-32301	-32306	32767	32469	-32333	-32335	5282541	0	0	0	0	0
-22983	-287	-32323	-32304	-32314	-32309	-32325	-32329	5282555	5283633	0	0	0	0
-31474	-9585	-32328	-32337	-32322	-32317	-32320	-32327	5284888	0	0	0	0	0
-15225	32519	-32316	-32329	1553	27113	-32329	-32329	5284896	5285891	0	0	0	0
654	32623	-32331	-32322	32662	32420	-32319	-32331	5287511	0	0	0	0	0
-10340	22270	-32317	-32317	-2155	-5001	-32286	-32326	5287517	5288152	0	0	0	0
-14466	-10482	-32325	-32317	-32320	-32326	-32325	-32327	5289887	0	0	0	0	0
-4158	32497	-32316	-32324	6699	20456	-32322	-32327	5289894	5290405	0	0	0	0
12984	32505	-32319	-32329	32532	32387	-32320	-32325	5292524	0	0	0	0	0
7671	32414	-32328	-32319	32555	32373	-32326	-32367	5292530	5292660	0	0	0	0
-7675	-13159	-32335	-32332	-32327	-32321	-32319	-32316	5294902	5295928	0	0	0	0
-807	20438	-32326	-32330	319	804	-32327	-32328	5328770	0	0	0	0	0
7561	32767	-32331	-32327	32611	32667	-32300	-32333	5328782	0	0	0	0	0
7761	32464	-32327	-32334	32634	32397	-32311	-32334	5328786	5329750	0	0	0	0
-4977	-11510	-32335	-32331	1613	-23285	-32314	-32318	5333641	0	0	0	0	0
-10170	-2653	-32317	-32313	-2412	-16285	-32324	-32326	5333651	5334139	0	0	0	0
9033	32767	-32325	-32329	32627	32748	-32332	-32361	5336315	0	0	0	0	0
18400	32419	-32339	-32315	32745	32407	-11931	-32330	5336328	0	0	0	0	0
10219	-1628	-32317	-32327	32549	4979	-32327	-32335	5336333	5336451	0	0	0	0
2437	-17419	-32325	-32323	-1863	-28315	-32338	-32324	5338784	0	0	0	0	0
15702	32512	-32312	-32313	32425	32410	-25869	-32332	5338797	0	0	0	0	0
28812	32445	-32324	-32332	32450	32593	32420	-32339	5338802	5339804	0	0	0	0
18728	8897	-32323	-32329	32429	32473	3614	-32337	5343653	0	0	0	0	0
10164	-29097	-32310	-32313	2877	-32320	-32322	-32329	5343666	5344195	0	0	0	0
8203	20014	-32273	-32329	32755	32567	8356	-32322	5380015	0	0	0	0	0
23012	32425	-32341	-32350	32767	32577	32441	-32318	5380027	5380443	0	0	0	0
17657	26023	-32342	-32343	32767	32447	32444	-32330	5382383	0	0	0	0	0
6063	-32243	-32319	-32330	32587	-12041	32381	-32320	5382391	5382718	0	0	0	0
13037	-1303	-32324	-32339	32497	32461	32471	-32361	5385006	0	0	0	0	0
32423	32559	-32302	-32334	32490	32515	32643	-32337	5385013	5386017	0	0	0	0
32493	32531	-32334	-32339	32588	32744	32431	-32331	5387508	0	0	0	0	0
30109	-25747	-32336	-32323	32499	32451	32555	-32312	5387515	5388279	0	0	0	0
28435	-21786	-32302	-32327	32705	29135	32670	-32318	5390005	0	0	0	0	0
32471	32459	-32326	-32324	32616	32436	32434	-30398	5390013	5390530	0	0	0	0
32588	32701	-32320	-32335	32457	32637	32544	-15545	5392380	5392767	0	0	0	0
32532	-22914	-32328	-32324	32539	32604	32412	-28863	5428262	0	0	0	0	0
32638	-32332	-32330	-32344	32467	20874	32433	-32332	5428275	0	0	0	0	0
32415	12231	-32310	-32315	32400	32688	32402	-11876	5428279	0	0	0	0	0
32393	32523	-32306	-32322	32705	32601	32507	11013	5428283	0	0	0	0	0
32767	-24217	-32324	-32380	32618	32584	32767	5840	5428287	5428869	0	0	0	0
32725	-32333	-32337	-32344	32767	11319	32432	-4623	5430005	0	0	0	0	0
32576	-27629	-30017	-32299	32423	32492	32609	17390	5430011	0	0	0	0	0
32493	16913	-1698	-32319	32527	32482	32568	32701	5430016	5430133	0	0	0	0
32421	-25951	9793	-32325	32477	32445	32523	32566	5432504	0	0	0	0	0
32423	-32317	1524	-32320	32455	1342	32400	32517	5432511	0	0	0	0	0
32487	-32353	9972	-32313	32441	29280	32573	32405	5432515	5433458	0	0	0	0
32475	-5962	32459	-15229	32455	32501	32588	32736	5434880	0	0	0	0	0
32520	-26909	32454	-3267	32654	32607	32434	32428	5434887	5435722	0	0	0	0
32531	-32341	32648	-16085	32613	-1466	32587	32689	5470018	0	0	0	0	0
32529	-32329	32767	-23113	32728	-17418	32468	32688	5470031	5470683	0	0	0	0
32513	-32340	32392	-2905	32471	32508	32492	32363	5472377	0	0	0	0	0
32767	-32317	32537	20583	32448	32423	32451	32767	5472384	5472940	0	0	0	0
32489	-32322	32398	12221	32435	-9026	32699	32407	5475002	0	0	0	0	0
32606	-32323	32534	8953	23874	-32330	32585	32475	5475009	5475211	0	0	0	0
32563	-32322	32381	32473	32436	32705	32680	32637	5477375	0	0	0	0	0
32533	-32332	32492	32473	32592	32569	32499	32456	5477381	5477467	0	0	0	0
32674	-32319	32499	32363	32571	11292	32592	32617	5480001	0	0	0	0	0
32519	-32329	32710	32418	11458	-32329	32725	32452	5480007	5480765	0	0	0	0
32609	-32313	32767	32473	32529	-14026	32568	32440	5482505	5483026	0	0	0	0
32432	-32327	32679	32434	32500	32642	32432	32685	5516258	0	0	0	0	0
32614	-32327	32508	32767	32373	10988	32475	32732	5516270	0	0	0	0	0
32567	-32313	32472	32535	-9835	-32325	32456	32676	5516275	5517055	0	0	0	0
32371	-32325	32638	32489	-7131	-32329	32467	32539	5522502	0	0	0	0	0
32543	-32325	32560	32480	32535	17530	32403	32477	5522511	5523519	0	0	0	0
32687	-32299	32527	32414	32767	3714	32589	32632	5525001	0	0	0	0	0
32407	-32345	32440	32544	-24618	-32332	32703	32418	5525008	5525812	0	0	0	0
32412	-32342	32601	32515	-32302	-32303	32619	32572	5527497	5528049	0	0	0	0
32469	-32323	32581	32515	24015	-32322	32432	32520	5530000	0	0	0	0	0
32498	-32327	32509	32564	32529	-5070	32738	32439	5530007	0	0	0	0	0
32376	-32337	32557	32416	-30437	-32327	32480	32433	5530012	5530329	0	0	0	0
32465	-32355	32481	32435	-32328	-32328	32583	32524	5532501	0	0	0	0	0
32513	-32322	32512	32505	-32320	-32323	32631	32464	5532508	5532596	0	0	0	0
32546	-32333	32537	32411	25989	-26974	32767	32644	5567582	0	0	0	0	0
32573	-32289	32767	32767	-32328	-32321	32463	32429	5567597	0	0	0	0	0
32460	-32284	32767	32506	-32329	-32326	32767	32435	5567601	5568224	0	0	0	0
32767	-32313	32441	32509	-32318	-32305	32471	32430	5570033	0	0	0	0	0
32616	-32328	32448	32570	-14955	-32303	32767	32483	5570042	0	0	0	0	0
32492	-32333	32551	32767	-32319	-32328	32541	32589	5570046	5570548	0	0	0	0
32561	-32337	32451	32467	-32337	-32344	32562	32586	5572403	0	0	0	0	0
32680	-32320	32527	32518	-32330	-32319	32707	32486	5572412	5572867	0	0	0	0
32711	-32324	32421	32445	-32335	-32283	32767	32468	5575005	0	0	0	0	0
32455	-32329	32594	32488	-32325	-32339	32718	32479	5575018	5575224	0	0	0	0
32331	-32319	32707	32532	-32310	-32319	32581	32699	5577582	5578641	0	0	0	0
32706	-32345	32744	32529	-32317	-32320	32512	32471	5611327	0	0	0	0	0
32445	-32328	32467	32423	-32329	-32343	32648	32465	5611343	0	0	0	0	0
32721	-32333	32669	32417	-32331	-32347	32496	32767	5611348	5612099	0	0	0	0
32440	-32330	32585	32524	-32319	-32324	32439	32670	5613802	0	0	0	0	0
29987	-32337	32767	32767	-32330	-32323	32706	32502	5613812	5614419	0	0	0	0
32497	-32319	32493	32557	-32331	-32334	32421	32396	5616323	0	0	0	0	0
32564	-32327	32726	32733	-32297	-32326	32569	32436	5616332	5616707	0	0	0	0
32321	-32332	32581	32594	-32311	-32332	32435	32438	5621289	5621385	0	0	0	0
32719	-32308	32518	32451	-32325	-32332	32722	32427	5623788	0	0	0	0	0
32568	-32351	32767	32437	-32319	-32320	32448	32448	5623801	0	0	0	0	0
32394	-32325	32581	32581	-32323	-32329	32466	32436	5623807	5624778	0	0	0	0
32525	-32323	32423	32670	-32323	-32346	32458	32767	5626264	0	0	0	0	0
32466	-32329	32417	32601	-32326	-32303	32767	32413	5626275	5627147	0	0	0	0
19660	-32329	32445	32468	-32309	-32355	32767	32423	5660008	0	0	0	0	0
32687	-32329	32615	32601	-32337	-32331	32644	32493	5660023	5660246	0	0	0	0
32405	-32350	32601	32767	-32321	-32327	32553	32767	5662527	5663559	0	0	0	0
24237	-32313	32437	32494	-32335	-32347	25103	32551	5664995	0	0	0	0	0
12285	-32334	32698	32639	-32329	-32298	-32327	32671	5665002	0	0	0	0	0
23347	-32320	32767	32491	-32323	-32344	26697	32439	5665007	5665881	0	0	0	0
32649	-32310	32643	32526	-32322	-32339	32427	32578	5667511	0	0	0	0	0
32406	-32333	32663	32507	-32329	-32343	3543	32767	5667519	5668212	0	0	0	0
16013	-32328	32576	32383	-32329	-32334	-32331	32560	5670009	0	0	0	0	0
21984	-32328	32643	32595	-32279	-32333	-32313	32394	5670016	5670505	0	0	0	0
32439	-32328	32552	32519	-32324	-32325	32461	32411	5672384	5672756	0	0	0	0
32504	-32327	32593	32418	-32330	-32337	-10953	32413	5706251	0	0	0	0	0
12869	-32331	32341	32697	-32334	-32303	-32318	32687	5706263	0	0	0	0	0
3617	-32315	32463	32451	-32336	-32324	-32334	32710	5706268	5706379	0	0	0	0
19703	-32334	32767	32461	-32334	-32335	-22023	32471	5708758	0	0	0	0	0
21115	-32313	32465	32439	-32323	-32329	-28606	32582	5708764	5709789	0	0	0	0
6250	-32313	32459	32392	-32312	-32335	-32335	32556	5711257	0	0	0	0	0
-1645	-32338	32509	32767	-32303	-32328	-32339	32535	5711264	0	0	0	0	0
17829	-32330	32535	32549	-32328	-32378	-32332	32500	5711268	5712177	0	0	0	0
31223	-32315	32519	32609	-32327	-32346	-32321	32447	5716258	0	0	0	0	0
16351	-32303	32725	32598	-32314	-32335	-32334	32448	5716267	0	0	0	0	0
3500	-32312	32470	32452	-32292	-32328	-32314	32587	5716271	5716666	0	0	0	0
13713	-32304	32605	32507	-32300	-32328	-32333	32528	5718741	0	0	0	0	0
27255	-32316	32561	32415	-32331	-32330	-32320	32635	5718749	5718983	0	0	0	0
17801	-32304	32767	32451	-32295	-32329	-32341	32471	5752513	0	0	0	0	0
-8483	-32333	32438	32423	-32325	-32330	-32319	32455	5752525	5753444	0	0	0	0
-2860	-32317	32735	32432	-32315	-32326	-32332	32637	5754913	0	0	0	0	0
13283	-32290	32471	32453	-32377	-32372	-32264	32572	5754923	5755748	0	0	0	0
12597	-32315	32588	32731	-32331	-32300	-32331	32642	5757675	0	0	0	0	0
-5861	-32327	32451	32499	-32326	-32344	-32339	32370	5757696	0	0	0	0	0
229	-32333	32492	32443	-32330	-32329	-32331	32415	5757700	0	0	0	0	0
17485	-32319	32531	32579	-32311	-32335	-32342	32377	5757704	5758072	0	0	0	0
20953	-32360	32544	32362	-32286	-32377	-32325	32561	5760061	0	0	0	0	0
2572	-32314	32767	32767	-32335	-32340	-32339	32668	5760070	5760361	0	0	0	0
-2841	-32342	32653	32696	-32322	-32336	-32333	32462	5762505	5762636	0	0	0	0
13754	-32336	32514	32476	-32315	-32306	-32316	32462	5797515	0	0	0	0	0
17836	-32314	32403	32624	-32341	-32316	-32357	32643	5797529	0	0	0	0	0
-2175	-32341	32436	32600	-32327	-32285	-32326	32516	5797534	5797912	0	0	0	0
-20361	-32335	32486	32544	-32328	-32318	-32315	32767	5799989	0	0	0	0	0
-6489	-32323	32497	32545	-32316	-32333	-32354	32579	5799996	5800183	0	0	0	0
8061	-32361	32512	32403	-32318	-32333	-32306	32448	5802506	0	0	0	0	0
2336	-32333	32491	32528	-32319	-32335	-32350	32477	5802515	5803484	0	0	0	0
-8807	-32336	32440	32529	-32326	-32333	-32329	32431	5805004	5805714	0	0	0	0
-5707	-32332	32524	32462	-32320	-32360	-32345	32431	5807526	0	0	0	0	0
9564	-32375	32522	32612	-32335	-32371	-32334	32635	5807539	0	0	0	0	0
7692	-32326	32413	32631	-32323	-32321	-32332	32482	5807544	5807966	0	0	0	0
-8507	-32343	32449	32416	-32317	-32326	-32328	32767	5811289	0	0	0	0	0
-11380	-32331	32580	32691	-32329	-32371	-32332	32556	5811302	5812331	0	0	0	0
-3193	-32342	32546	32308	-32351	-32348	-32329	32440	5845023	0	0	0	0	0
-113	-32325	32534	32573	-32320	-32331	-32337	32604	5845041	0	0	0	0	0
-14612	-32341	32455	32484	-32323	-32332	-32313	32380	5845046	5845203	0	0	0	0
-23944	-32336	32503	32656	-32334	-32338	-32329	32430	5847403	5847467	0	0	0	0
-8352	-32328	32429	32561	-32310	-32327	-32329	32391	5850005	0	0	0	0	0
3324	-32325	32452	32767	-32333	-32302	-32334	32710	5850021	0	0	0	0	0
-3171	-32321	32741	32684	-32327	-32320	-32325	32728	5850032	0	0	0	0	0
-16065	-32328	32683	32495	-32372	-32324	-32335	32539	5850041	5850994	0	0	0	0
-7125	-32327	32670	32357	-32322	-32331	-32349	32615	5852501	0	0	0	0	0
9512	-32330	32767	32456	-32334	-32329	-32336	32448	5852511	5853358	0	0	0	0
2371	-32321	32433	32573	-32324	-32318	-32326	32663	5857566	5858003	0	0	0	0
-11410	-32319	32479	32453	-32327	-32346	-32330	32609	5891279	0	0	0	0	0
-20361	-32337	32435	32758	-32355	-32351	-32300	32767	5891293	0	0	0	0	0
-3563	-32334	32526	32488	-32329	-32329	-32312	32560	5891298	5891820	0	0	0	0
-6839	-32330	32585	32522	-32323	-32327	-32324	32640	5893751	0	0	0	0	0
-19921	-32326	32419	32544	-32331	-32305	-32324	32675	5893759	5894143	0	0	0	0
-22637	-32376	32464	32439	-32348	-32351	-32328	32739	5896249	0	0	0	0	0
-4505	-32353	32500	32505	-32320	-32343	-32328	32504	5896257	5896406	0	0	0	0
7153	-32304	32506	32629	-32324	-32337	-32333	32435	5898765	5899726	0	0	0	0
-7696	-32333	32529	32497	-32346	-32331	-32329	32614	5901302	0	0	0	0	0
-16551	-32339	32502	32577	-32332	-32369	-32320	32516	5901312	0	0	0	0	0
-5396	-32329	32460	32424	-32337	-32330	-32315	32527	5901316	5902021	0	0	0	0
6669	-21217	32460	32457	-30449	-13721	-32345	32465	5905030	0	0	0	0	0
-3367	-32331	32538	32507	-32321	-32316	-32353	32640	5905039	5905415	0	0	0	0
-28191	-32335	32767	32330	-32331	-32347	-32336	32421	5938750	0	0	0	0	0
-23751	-32373	32487	32705	-32320	-32304	-32366	32491	5938765	5939881	0	0	0	0
-3956	-11952	32364	32500	-29497	-8885	-32337	32483	5941245	0	0	0	0	0
-10196	-32347	32528	32455	-32317	-32356	-32351	32474	5941251	5942190	0	0	0	0
-26591	-32323	32615	32557	-32323	-32328	-32351	32379	5943734	0	0	0	0	0
-26452	-32335	32456	32611	-32324	-32341	-32334	32593	5943741	5944463	0	0	0	0
-3164	2066	32528	32528	-32007	-3573	-32313	32585	5946244	0	0	0	0	0
-122	-16264	32417	32416	-32329	-21999	-32330	32516	5946252	5946735	0	0	0	0
-17483	-32325	32582	32530	-32325	-32331	-32334	32653	5948729	0	0	0	0	0
-22158	-32373	32767	32496	-32300	-32313	-32330	32746	5948737	5949038	0	0	0	0
-7613	9711	32767	32506	-32334	-5896	-32362	32558	5953734	5954610	0	0	0	0
477	11922	32603	32453	-7259	11399	-32330	32670	5987516	0	0	0	0	0
-21981	-32327	32437	32486	-32290	-32328	-32304	32350	5987528	0	0	0	0	0
-32325	-32332	32568	32494	-32327	-32330	-32317	32555	5987533	5987883	0	0	0	0
-22991	806	32767	32642	-32331	-26312	-32333	32551	5989980	0	0	0	0	0
-8356	27379	32367	32624	5151	28931	-32326	32557	5989992	5990264	0	0	0	0
-17142	-24089	32552	32508	-32354	-32288	-32331	32534	5992604	0	0	0	0	0
-32332	-32337	32556	32547	-32336	-32330	-32332	32409	5992610	0	0	0	0	0
-21376	705	32481	32581	-32288	-32341	-32342	32662	5992615	5993632	0	0	0	0
-3204	32460	32767	32541	19333	32452	-32318	32504	5994978	0	0	0	0	0
-7226	12203	32495	32469	-11821	-153	-32328	32383	5994986	0	0	0	0	0
-23653	-32331	32421	32674	-32329	-32321	-32329	32565	5994990	5995935	0	0	0	0
-22380	-1668	32455	32423	-32345	-32311	-32334	32506	5997476	0	0	0	0	0
-2861	32735	32543	32588	22871	32515	-32324	32463	5997482	5998246	0	0	0	0
-3085	32479	32502	32734	23677	32546	-32331	32428	6032494	6032558	0	0	0	0
-30051	-23197	32448	32606	-32313	-32346	-32328	25518	6032509	0	0	0	0	0
-32292	-15861	32533	32767	-32329	-32335	-32309	15867	6032515	0	0	0	0	0
-20114	32668	32578	32376	3753	32442	-32328	32767	6032519	6033788	0	0	0	0
-9497	32703	32650	32432	32363	32767	-32324	32653	6034997	0	0	0	0	0
-22422	-2115	32560	32524	-32322	-32045	-32315	25863	6035005	6036049	0	0	0	0
-26276	-11513	32641	32531	-32324	-32332	-32331	17376	6037476	0	0	0	0	0
-16666	32612	32567	32537	-8199	19324	-32331	31329	6037483	6038300	0	0	0	0
-3165	32689	32503	32426	32767	32454	-32302	32767	6039974	0	0	0	0	0
-10563	32496	32502	32370	1353	9411	-32327	32459	6039980	6040562	0	0	0	0
-25861	-4999	32456	32440	-32330	-32314	-32306	8945	6043741	6043854	0	0	0	0
-18854	32471	32650	32510	-25039	375	-32325	17341	6077483	0	0	0	0	0
-14909	32423	32548	32452	32569	32767	-32328	23143	6077495	0	0	0	0	0
-19438	32473	32675	32500	25141	32445	-32302	13873	6077499	6077962	0	0	0	0
-32321	-2639	32681	32578	-32335	-32315	-32330	-7616	6080001	0	0	0	0	0
-32334	24279	32356	32561	-32361	-28006	-32309	-6939	6080017	6080265	0	0	0	0
-18735	32392	32680	32523	32733	32568	-32362	11269	6082511	0	0	0	0	0
-7330	32509	32767	32767	32711	32407	-32329	18841	6082522	6082654	0	0	0	0
-20512	23901	32419	32499	-28233	-20235	-32324	-3619	6084973	6086093	0	0	0	0
-28005	28366	32577	32472	-32329	-32323	-32335	-12636	6087472	0	0	0	0	0
-14435	32413	32767	32575	32550	32540	-32324	5211	6087479	0	0	0	0	0
-4034	32653	32651	32527	32527	32452	-32329	13806	6087483	6088376	0	0	0	0
-15786	32478	32711	32543	8092	16706	-32326	-6370	6092474	0	0	0	0	0
-29501	27817	32767	27724	-32331	-32327	-32325	-25036	6092483	6092736	0	0	0	0
-29249	32404	32610	28062	15276	32654	-32303	-18470	6126245	0	0	0	0	0
-14935	32722	32399	32596	32467	32562	-32337	-3949	6126258	6126896	0	0	0	0
-21224	32572	32723	32655	32589	32470	-32327	-16987	6128738	0	0	0	0	0
-32327	26114	26286	11094	-32329	-28801	-32349	-32335	6128746	6129196	0	0	0	0
-32332	32743	27929	14163	-547	25436	-32335	-32321	6131239	0	0	0	0	0
-15447	32495	32516	32310	32680	32494	-32345	-10579	6131248	6131499	0	0	0	0
-8308	32552	32443	32647	32522	32389	-32333	-10682	6133733	0	0	0	0	0
-24065	32653	28226	14122	-11849	-3542	-32326	-32329	6133744	6133879	0	0	0	0
-26552	32763	21444	8444	-8551	14449	-32307	-32338	6136219	0	0	0	0	0
-11652	32443	32532	24056	32564	32526	-32324	-16879	6136226	6137226	0	0	0	0
-6611	32453	32667	27431	32695	32619	-22585	-15191	6138721	6139497	0	0	0	0
-20297	32363	21296	8393	14814	21620	-32341	-32340	6173741	0	0	0	0	0
-32330	32549	167	-12134	-18916	-2333	-32325	-32333	6173753	0	0	0	0	0
-25729	32672	9111	-1739	32708	32637	-32319	-32339	6173758	6174865	0	0	0	0
-13785	32631	21645	11739	32547	32722	-14922	-25963	6176218	0	0	0	0	0
-26593	32394	4791	-6537	32391	32674	-32320	-32337	6176224	6177260	0	0	0	0
-32313	32558	-11889	-22957	-20265	-8232	-32324	-32328	6178718	0	0	0	0	0
-25560	32563	-1753	-10645	32637	32573	-32312	-32343	6178726	0	0	0	0	0
-6279	32767	16849	8558	32503	32762	-6555	-26700	6178730	6179533	0	0	0	0
-12289	32388	7908	-1414	32756	32646	-32314	-32336	6181218	0	0	0	0	0
-28240	32531	-13126	-22777	-2320	5300	-32327	-32339	6181225	0	0	0	0	0
-25192	32600	-13482	-21859	27840	32554	-32335	-32345	6181229	6181827	0	0	0	0
-8220	32445	3472	-3671	32584	32539	-12215	-32343	6184983	0	0	0	0	0
-2999	32434	6290	-1585	32750	32468	-11529	-32342	6184992	6185337	0	0	0	0
-29280	32504	-24981	-32340	20628	28169	-32304	-32330	6227481	0	0	0	0	0
-32329	32551	-32345	-32306	13856	32767	-32366	-32333	6227494	6228332	0	0	0	0
-21654	32461	-20506	-25730	32542	32444	-27317	-32308	6229974	0	0	0	0	0
-13080	32703	-12365	-17820	32767	32376	10329	-32356	6229983	6230643	0	0	0	0
-24278	32767	-27628	-32374	32767	32467	-32301	-32347	6232470	0	0	0	0	0
-29652	32577	-32332	-32331	10991	23560	-32335	-32331	6232481	6232970	0	0	0	0
-12978	32435	-21720	-26398	32496	32475	-32335	-32353	6234966	0	0	0	0	0
-1115	32537	-9539	-13780	32471	32587	32562	-32365	6234978	6235232	0	0	0	0
-11627	32495	-22551	-27622	32767	32477	-25536	-32328	6237479	0	0	0	0	0
-24864	32685	-32329	-32328	20046	25966	-32327	-32327	6237486	6238526	0	0	0	0
-17116	32767	-32381	-32324	32616	32419	-32330	-32343	6239965	6240765	0	0	0	0
951	32747	-15253	-17981	32514	32710	32525	-32347	6242466	0	0	0	0	0
-4623	32406	-22439	-26003	32767	32621	18111	-32328	6242475	0	0	0	0	0
-21520	32440	-32315	-32319	32539	32659	-32325	-32334	6242479	6243026	0	0	0	0
-26642	32767	-32299	-32331	32541	32344	-32325	-32401	6276223	0	0	0	0	0
-11317	32651	-32333	-32317	32519	32767	32613	-32348	6276234	6276844	0	0	0	0
-8452	32613	-31307	-32331	32424	32425	32767	-32310	6278715	0	0	0	0	0
-25111	32619	-32313	-32335	32563	32495	-32329	-32328	6278722	0	0	0	0	0
-30808	32519	-32316	-32334	32718	32527	-32331	-32333	6278726	6279147	0	0	0	0
-13984	32519	-32330	-32331	32479	32718	27881	-32307	6281211	0	0	0	0	0
77	32423	-28359	-28001	32712	32392	32567	-32337	6281217	0	0	0	0	0
-11265	32735	-32333	-32323	32468	32679	-4523	-32321	6281221	6281434	0	0	0	0
-22271	32424	-32304	-32320	29570	32552	-32331	-32351	6283718	0	0	0	0	0
-10372	32468	-32325	-32337	32528	32767	10634	-32323	6283727	6284755	0	0	0	0
3287	32439	-31006	-29067	32470	32455	32599	-32338	6288740	0	0	0	0	0
-6321	32439	-32309	-32288	32767	32359	32512	-32313	6288750	6289117	0	0	0	0
-21387	32468	-32353	-32320	32625	32638	-32317	-32329	6322474	6323166	0	0	0	0
-22520	32515	-32331	-32334	32678	32513	-6449	-32300	6325711	0	0	0	0	0
-6952	32451	-32343	-32335	32464	32684	32572	-32311	6325727	0	0	0	0	0
-6212	32460	-32352	-32349	32348	32757	32767	-32309	6325731	0	0	0	0	0
-26089	32625	-32309	-32332	32501	32584	-25229	-32317	6325735	0	0	0	0	0
-23230	32668	-32321	-32345	32440	32497	-17647	-32298	6325738	6326691	0	0	0	0
-1029	32452	-32301	-32365	32492	32437	32486	-32336	6327461	0	0	0	0	0
4493	32557	-32319	-32332	32421	32767	32697	-32300	6327468	6327951	0	0	0	0
-9593	32578	-32329	-32334	32590	32497	9045	-32358	6329983	6330194	0	0	0	0
-15764	32438	-32305	-32336	32615	32451	-20577	-32329	6336214	0	0	0	0	0
-1899	32674	-32333	-32310	32545	32544	32447	-32343	6336223	0	0	0	0	0
6916	32467	-32320	-31993	32437	32514	32466	-32339	6336227	6336914	0	0	0	0
-8304	32466	-32323	-32328	32480	32574	32468	-32330	6372502	0	0	0	0	0
-25849	32497	-32327	-32331	29234	27407	-21816	-32339	6372516	6373143	0	0	0	0
-16841	32529	-32330	-32328	32628	32646	32613	-32351	6377616	0	0	0	0	0
904	32544	-32323	-32331	32454	32701	32767	-32319	6377644	0	0	0	0	0
-7758	32451	-32355	-32308	32537	32499	32542	-32336	6377649	0	0	0	0	0
-21467	32616	-32328	-32345	32728	22203	-9091	-32336	6377653	6378775	0	0	0	0
-15765	32543	-32330	-32313	32408	32598	24969	-32349	6379985	0	0	0	0	0
6838	32622	-32324	-32343	32541	32564	32483	-32333	6380011	6381116	0	0	0	0
6210	32611	-32330	-32320	32490	32478	32564	-32352	6386243	0	0	0	0	0
-9255	32466	-32318	-32341	32633	32767	14676	-32338	6386252	6386680	0	0	0	0
-12118	32494	-32347	-32337	32767	32513	10139	-32360	6388708	0	0	0	0	0
3400	32620	-32307	-32325	32611	32451	32436	-32360	6388721	6389015	0	0	0	0
9552	32433	-32340	-29721	32632	32560	32681	-32332	6391207	0	0	0	0	0
-10727	32681	-32339	-32339	32534	32469	32393	-32309	6391214	6391354	0	0	0	0
-26447	32766	-32316	-32313	19660	20514	-11151	-32369	6424967	0	0	0	0	0
-12651	32545	-32333	-32335	32690	32493	32455	-32329	6424977	6425370	0	0	0	0
1307	32568	-32313	-32322	32503	32524	32767	-32349	6427459	0	0	0	0	0
-12701	32433	-32325	-32331	32531	32636	32306	-32369	6427469	6427639	0	0	0	0
-24763	32471	-32329	-32332	8848	5317	-18240	-32326	6429959	0	0	0	0	0
-15409	32515	-32352	-32338	32477	32677	32767	-32330	6429967	0	0	0	0	0
4985	32505	-32330	-32349	32579	32651	32767	-32304	6429971	6430968	0	0	0	0
289	32767	-32313	-32321	32491	32472	32433	-32308	6432460	0	0	0	0	0
-15737	32442	-32312	-32352	11399	6940	-13874	-32331	6432469	0	0	0	0	0
-13227	32583	-32331	-32357	32649	32462	7829	-32302	6432473	6433261	0	0	0	0
3541	32445	-32332	-32332	32398	32423	32378	-32337	6434957	0	0	0	0	0
5198	32421	-32322	-32327	32448	32526	32626	-32328	6434964	6435528	0	0	0	0
-14546	32767	-32344	-32349	23535	19286	-4019	-32321	6468839	0	0	0	0	0
-27766	32579	-32303	-32326	15413	24567	-21219	-32342	6468851	0	0	0	0	0
-11929	32767	-32381	-32311	32509	32679	32648	-32332	6468856	0	0	0	0	0
-3891	32667	-32347	-32337	32500	32488	32349	-32294	6468860	6469473	0	0	0	0
-15954	32496	-32334	-32304	32339	32545	13946	-32337	6471205	0	0	0	0	0
-20629	32646	-32340	-32326	6581	11084	-32316	-32333	6471212	6471764	0	0	0	0
-3639	32530	-32320	-32328	32512	32521	32461	-32346	6473731	0	0	0	0	0
10803	32471	-32320	-32336	32600	32696	32527	-31628	6473739	6474032	0	0	0	0
45	32510	-32343	-32317	32608	32457	32641	-32327	6476203	0	0	0	0	0
-13844	32419	-32335	-32323	10801	8926	-23430	-32329	6476209	6476292	0	0	0	0
-7825	32561	-32316	-32312	32464	32356	24677	-32327	6484956	0	0	0	0	0
11177	32430	-32338	-32351	32447	32379	32688	-31433	6484965	6485935	0	0	0	0
-7477	32507	-32353	-32319	32504	32444	32445	-32326	6521215	0	0	0	0	0
-23376	28778	-32329	-32366	11149	3634	-17076	-32287	6521226	6522020	0	0	0	0
-19215	32487	-32328	-32333	32451	32492	977	-32297	6523704	0	0	0	0	0
-1929	32505	-32333	-32326	32518	32755	32595	-32353	6523711	6524285	0	0	0	0
1416	32767	-32335	-32334	32493	32487	32498	-32336	6526330	0	0	0	0	0
-15358	32439	-32333	-32328	32627	20208	8679	-32328	6526344	0	0	0	0	0
-19635	32595	-32318	-32339	17728	20817	-11202	-32304	6526350	6526670	0	0	0	0
2331	32567	-32338	-32331	32550	32625	32600	-32334	6528731	0	0	0	0	0
10249	32492	-32338	-32349	32439	32481	32656	-29331	6528752	0	0	0	0	0
-2927	32677	-32327	-32339	32573	32463	32601	-32367	6528760	6529082	0	0	0	0
-11886	32380	-32324	-32329	7245	5887	-17505	-32340	6531229	0	0	0	0	0
-1789	32448	-32304	-32333	32530	32579	32475	-32332	6531239	6531412	0	0	0	0
8224	32481	-32357	-32337	32506	32431	32543	-26977	6566249	0	0	0	0	0
-6498	32462	-32348	-32336	32415	32539	32562	-32327	6566262	6566918	0	0	0	0
-24408	20941	-32319	-32375	-2607	-7855	-24448	-32330	6568750	0	0	0	0	0
-22161	32483	-32337	-32337	32494	32512	15036	-32300	6568758	6569246	0	0	0	0
-1288	32767	-32328	-32322	32767	32767	32767	-32333	6571251	0	0	0	0	0
-6134	32493	-32346	-32332	32767	32543	32481	-32328	6571262	6571540	0	0	0	0
-18718	21803	-32331	-32334	1799	-5044	-17125	-32332	6573707	0	0	0	0	0
-14535	32630	-32331	-32324	18990	28695	-8341	-32371	6573718	6573826	0	0	0	0
1394	32502	-32328	-32341	32524	32486	32441	-29995	6576200	0	0	0	0	0
5483	32431	-32327	-32299	32767	32664	32474	-28179	6576208	6577190	0	0	0	0
-10303	32544	-32324	-32317	21798	15931	3790	-32336	6578701	6579453	0	0	0	0
-16743	32505	-32320	-32315	3133	8378	-24402	-32317	6612475	0	0	0	0	0
-1389	32399	-32341	-32354	32765	32567	32624	-32329	6612488	0	0	0	0	0
171	32476	-32300	-32323	32489	32467	32479	-30590	6612494	6612785	0	0	0	0
-13576	32708	-32317	-32338	32735	32667	32437	-32332	6615056	0	0	0	0	0
-24817	16673	-32318	-32328	-7946	-9444	-31070	-32330	6615066	6616123	0	0	0	0
-12489	32664	-32332	-32323	32496	32548	32409	-32332	6617478	0	0	0	0	0
2721	32427	-32321	-32326	32487	32544	32392	-26086	6617486	6618375	0	0	0	0
1980	32694	-32335	-32321	32437	32633	32520	-31097	6619974	6620617	0	0	0	0
-9872	16704	-32323	-32336	4880	-4059	-12221	-32328	6622481	0	0	0	0	0
-3333	32655	-32327	-32340	32490	32471	28416	-32337	6622491	0	0	0	0	0
12887	32481	-32328	-32333	32445	32437	32548	-13759	6622495	6622895	0	0	0	0
13056	32467	-32325	-32331	32547	32437	32410	-16778	6624950	0	0	0	0	0
-3051	14857	-32320	-32329	25144	8563	24536	-32315	6624961	6625178	0	0	0	0
-3986	32445	-32399	-32348	31981	29695	28263	-32297	6659989	0	0	0	0	0
4243	32449	-32333	-32298	32460	32492	32525	-16600	6660006	6660282	0	0	0	0
9572	32714	-32322	-30791	32560	32677	32383	-14185	6663251	0	0	0	0	0
-4230	9085	-32312	-32315	32448	17045	32562	-31316	6663263	0	0	0	0	0
-9725	6485	-32323	-32336	10871	31	26814	-32329	6663267	0	0	0	0	0
3912	32767	-32322	-32328	32439	32459	32637	-13796	6663271	6663775	0	0	0	0
19005	32497	-32324	-13585	32508	32483	32648	4214	6665029	6665091	0	0	0	0
10444	20103	-32311	-23687	32465	32407	32698	-10237	6665038	6666372	0	0	0	0
-842	-6151	-32333	-32331	3533	-14436	32412	-22859	6667458	0	0	0	0	0
7458	32602	-32345	-23583	32407	32697	32418	-6629	6667481	6667632	0	0	0	0
21547	32453	-30221	-5153	32661	32676	32480	11493	6669976	6671055	0	0	0	0
17561	32767	-32326	-9253	32506	32408	32512	2755	6703740	0	0	0	0	0
-123	-17809	-32315	-28825	-8278	-28697	32767	-18283	6703756	0	0	0	0	0
-7773	14630	-32332	-32348	19353	15374	32471	-20999	6703760	6704562	0	0	0	0
9837	32344	-32320	-10630	32457	32487	32519	5681	6706229	0	0	0	0	0
9550	32502	-32332	-10680	32633	32496	32573	1619	6706241	6706963	0	0	0	0
-4789	-24986	-32324	-27389	-9931	-31641	32536	-18851	6708771	0	0	0	0	0
-6286	-8217	-32333	-27223	-11935	-19542	24751	-15060	6708781	6709275	0	0	0	0
14756	32472	-28004	-2405	32610	32385	32519	10987	6711266	6711568	0	0	0	0
20479	32557	-19654	4919	32743	32588	32451	15540	6713880	0	0	0	0	0
5344	-14964	-32319	-12462	-713	-20117	32487	-5686	6713891	0	0	0	0	0
-4427	-22006	-32333	-23106	-32320	-32325	-6039	-15103	6713895	6714957	0	0	0	0
6529	32579	-32335	-8848	32445	32689	32537	2366	6716246	0	0	0	0	0
18207	32425	-18888	5437	32466	32500	32372	15331	6716255	6717266	0	0	0	0
343	-5952	-32366	-14632	10406	-3736	32615	-10153	6750017	0	0	0	0	0
-16522	-32327	-32329	-32354	-32337	-32316	-32343	-27764	6750028	6750612	0	0	0	0
-5236	13313	-32362	-20579	783	7121	14364	-13279	6752488	0	0	0	0	0
7310	32542	-27994	-4023	32767	32425	32578	4578	6752497	6752903	0	0	0	0
4006	8988	-31314	-8923	32650	19659	32391	-5196	6754944	0	0	0	0	0
-7415	-32335	-32327	-22623	-32329	-32323	-32324	-20168	6754955	6755185	0	0	0	0
-1182	1215	-32316	-16315	-20797	-16693	-19357	-11910	6757479	0	0	0	0	0
14962	32538	-19581	3477	32489	32739	32531	9689	6757486	6758519	0	0	0	0
16950	32423	-16338	5587	32508	32572	32495	7908	6759954	0	0	0	0	0
327	-27779	-32316	-13756	-31251	-32324	-25889	-14339	6759962	6760816	0	0	0	0
-3441	-16310	-32316	-17945	-32316	-32356	-32324	-16570	6764942	0	0	0	0	0
11096	32480	-22094	492	32457	32398	32368	4407	6764950	6765180	0	0	0	0
9905	32729	-21611	166	32728	32447	32417	1592	6798842	0	0	0	0	0
-5420	-24472	-32345	-16588	-14894	-29328	-10465	-17946	6798853	0	0	0	0	0
-15002	-32333	-32323	-28411	-32323	-32327	-32324	-29236	6798858	0	0	0	0	0
-358	21267	-32320	-10359	18543	26270	11814	-7998	6798862	6799275	0	0	0	0
12780	32596	-16247	5365	32658	32421	32442	6551	6801208	0	0	0	0	0
1351	-10386	-27282	-6780	11275	-2233	17057	-8255	6801215	6801579	0	0	0	0
-4461	-32329	-32323	-15141	-32322	-32327	-32334	-18111	6803712	6803811	0	0	0	0
3511	8404	-26513	-5379	-2909	1995	-9809	-5250	6806206	0	0	0	0	0
17687	32492	-9568	11612	32553	32487	32467	12088	6806214	0	0	0	0	0
12757	9981	-13674	6508	32529	32507	32442	3269	6806218	6807149	0	0	0	0
-1709	-32321	-29932	-10737	-32326	-32313	-32331	-15791	6809973	6810464	0	0	0	0
-141	-10899	-28513	-8459	-26645	-26985	-32344	-10629	6843756	0	0	0	0	0
8910	32451	-17576	2899	32486	32455	32497	1507	6843775	0	0	0	0	0
6871	18191	-16676	3407	32564	32488	32462	434	6843779	6844005	0	0	0	0
-6065	-32326	-31141	-12367	-32323	-32320	-27089	-18303	6846257	0	0	0	0	0
-12897	-32292	-32320	-18665	-32353	-32331	-32327	-22009	6846267	6846804	0	0	0	0
4045	27802	-18839	1689	32553	32630	32767	703	6848767	0	0	0	0	0
16999	32727	-3436	16593	32528	32472	32688	13756	6848777	6849099	0	0	0	0
7246	-25873	-13903	4850	-5321	-24361	7865	-2359	6851190	0	0	0	0	0
-1753	-32333	-24233	-5313	-32322	-32329	-32322	-11751	6851201	6851475	0	0	0	0
9354	17771	-11044	8935	24853	27701	30659	6249	6853717	0	0	0	0	0
24277	32632	6940	27230	32557	32546	32473	23438	6853725	6854794	0	0	0	0
14718	-11194	-1659	16729	27663	6279	32445	9831	6858704	0	0	0	0	0
4406	-32333	-13265	4663	-32322	-32331	-26798	-3801	6858711	6859126	0	0	0	0
-2175	-10409	-18728	741	-6539	-9058	10275	-3680	6893715	0	0	0	0	0
13926	32502	1617	21919	32415	32440	32479	18731	6893728	6893838	0	0	0	0
12091	-1565	645	19818	32456	32547	32671	12263	6898688	0	0	0	0	0
-1508	-32331	-12916	5484	-32313	-32333	1513	-3347	6898697	6899253	0	0	0	0
-1109	-32331	-11895	7246	-23220	-32306	10085	1758	6901310	0	0	0	0	0
13775	23288	7138	27709	32633	32446	32544	24729	6901316	0	0	0	0	0
24277	9940	21105	32647	32530	32496	32719	32496	6901320	6901538	0	0	0	0
11979	-32385	8110	26442	-19186	-32325	32642	17823	6903693	0	0	0	0	0
5306	-32331	1986	20435	-32334	-32320	6039	13793	6903701	0	0	0	0	0
18256	10649	18316	32718	32549	32458	32470	32690	6903705	6903832	0	0	0	0
27227	18681	31014	32441	32553	32546	32545	32640	6906184	0	0	0	0	0
16688	-32351	20340	32643	-1887	-24380	32586	32767	6906191	6907144	0	0	0	0
2927	-32359	6469	24017	-32319	-32337	3939	15063	6939940	0	0	0	0	0
2120	-18255	8601	27892	1219	11	32495	24275	6939951	6940883	0	0	0	0
18849	11655	29997	32767	32767	32767	32767	32617	6942434	0	0	0	0	0
7097	-32339	19062	32589	6913	-12247	32323	32767	6942442	6943160	0	0	0	0
-2536	-32346	8842	26520	-32343	-32329	2935	17991	6944931	0	0	0	0	0
937	-32340	13499	32533	-32328	-32340	32438	27930	6944938	6945459	0	0	0	0
23449	10366	32677	32543	32678	32537	32441	32562	6947432	0	0	0	0	0
23619	-19769	32478	32721	32666	14927	32767	32517	6947439	6947716	0	0	0	0
6206	-32329	23718	32671	-32389	-32307	16904	32761	6949943	0	0	0	0	0
4954	-32328	22817	32673	-32331	-32349	12539	32481	6949953	6950030	0	0	0	0
19983	967	32636	32600	30572	32719	32498	32539	6952431	6953303	0	0	0	0
24500	-9215	32472	32560	32656	32613	32509	32514	6986207	0	0	0	0	0
7635	-32330	32491	32452	-32315	-32344	32634	32622	6986220	0	0	0	0	0
-6125	-32356	18093	32498	-32325	-32293	-10386	29927	6986225	6986834	0	0	0	0
5499	-22339	32638	32496	-1915	785	32449	32574	6988681	0	0	0	0	0
16780	-8068	32363	32355	32767	32767	32465	32615	6988688	6989167	0	0	0	0
8879	-32336	32451	32612	-28614	-32334	32453	32505	6995058	0	0	0	0	0
-5968	-32315	23648	32767	-32333	-32340	-17485	32488	6995066	0	0	0	0	0
9613	-32334	32419	32488	-27850	-26852	32581	32439	6995070	6995678	0	0	0	0
24256	-1470	32567	32618	32627	32600	32611	32437	6997429	0	0	0	0	0
17500	-32335	32593	32540	-7040	-23910	32487	32474	6997435	0	0	0	0	0
2845	-32337	32684	32633	-32359	-32325	-15479	32524	6997439	6997970	0	0	0	0
6787	-32359	32632	32454	-32320	-32333	5627	32565	6999946	0	0	0	0	0
22701	-3806	32601	32607	24730	28413	32575	32458	6999955	7000260	0	0	0	0
14092	-32329	32517	32369	4729	-6114	32767	32485	7034952	0	0	0	0	0
-3273	-32366	32546	32433	-32333	-32331	-17190	32399	7034966	7035531	0	0	0	0
-6764	-32332	30884	32485	-32340	-32328	-32331	32555	7037444	0	0	0	0	0
1029	-25589	32454	32516	-9882	-3879	32578	32572	7037452	7037845	0	0	0	0
13730	-26739	32489	32541	9729	5074	32584	32616	7039942	0	0	0	0	0
-1811	-32348	32716	32767	-32339	-32335	-13979	32453	7039950	7040160	0	0	0	0
-7301	-32323	32428	32477	-32320	-32324	-32339	32435	7042456	0	0	0	0	0
8133	-26583	32670	32552	-32343	-28562	7363	32619	7042464	7043518	0	0	0	0
19565	-5817	32465	32580	15210	16242	32575	32443	7047568	0	0	0	0	0
8787	-32341	32617	32471	-32316	-32341	-5467	32547	7047575	7047943	0	0	0	0
-4515	-32333	32594	32453	-32335	-32333	-32333	32627	7049944	7050209	0	0	0	0
369	-32344	32487	32593	-32339	-32344	-32320	32519	7052442	0	0	0	0	0
13959	87	32467	32377	5011	15245	32568	32601	7052450	0	0	0	0	0
1995	-32345	32485	32468	-32312	-32339	-8661	32725	7052455	7053547	0	0	0	0
-15040	-32343	25200	32652	-32330	-32309	-32330	32668	7086187	0	0	0	0	0
-13153	-32333	26167	32522	-32329	-32337	-32329	32583	7086200	7086812	0	0	0	0
764	-5140	32329	32352	-12957	2643	-2081	32405	7088801	0	0	0	0	0
3546	-25003	32528	32536	-18751	-16898	-3547	32704	7088808	0	0	0	0	0
-11305	-32339	27535	32357	-32330	-32339	-32340	32677	7088812	7089134	0	0	0	0
-14541	-32338	22460	32430	-32332	-32351	-32309	30519	7091179	0	0	0	0	0
3079	-4725	32579	32727	-26840	-9306	-32342	32649	7091191	0	0	0	0	0
11168	-1501	32517	32470	-273	7756	-988	32454	7091197	7091460	0	0	0	0
-546	-32319	32462	32663	-32340	-32309	-32331	32395	7093674	0	0	0	0	0
-11076	-32330	21669	32613	-32333	-32353	-32326	26199	7093685	7094773	0	0	0	0
-2507	-11305	30336	32410	-32350	-32284	-32333	32444	7127448	0	0	0	0	0
9411	13960	32739	32443	8427	23065	-11272	32767	7127462	7127997	0	0	0	0
-4508	-32296	27727	32767	-32326	-32316	-32328	32574	7129939	0	0	0	0	0
-24120	-32328	5478	31050	-32333	-32327	-32323	9289	7129947	7130309	0	0	0	0
-15321	-29598	12889	32621	-32328	-32333	-32334	20930	7132566	7132625	0	0	0	0
58	15647	29350	32639	2331	20377	-32335	32497	7132576	7133821	0	0	0	0
2309	-16918	30197	32504	-25519	-22957	-32327	32473	7134931	0	0	0	0	0
-13127	-32315	11170	32421	-32317	-32313	-32326	12916	7134938	7135051	0	0	0	0
-13983	-32317	8324	32491	-32319	-32361	-32330	13396	7137437	0	0	0	0	0
1447	23010	24927	32384	-2069	17800	-32304	32424	7137445	7138427	0	0	0	0
5217	8680	28382	32544	1271	7931	-32323	32432	7139938	7140695	0	0	0	0
-9609	-32321	9695	32408	-32336	-32328	-32327	9780	7173681	0	0	0	0	0
-17742	-32335	-2015	22677	-32321	-32321	-32325	-1182	7173692	0	0	0	0	0
-11101	12971	6157	32767	-19841	516	-32300	13778	7173696	7173901	0	0	0	0
-3175	20452	14234	32470	15286	25831	-32339	19455	7176183	0	0	0	0	0
-13593	-32328	1465	26493	-32325	-32322	-32325	1855	7176189	7177227	0	0	0	0
-22487	-32330	-11247	13207	-32323	-32323	-32324	-10762	7178669	0	0	0	0	0
-14506	6510	-2939	22597	-32297	-17101	-32323	3647	7178675	7179480	0	0	0	0
6718	32579	19144	32694	31767	32574	-32325	24277	7181170	7181737	0	0	0	0
-463	-5688	9840	32659	-18140	-18585	-32335	9509	7183798	0	0	0	0	0
-15683	-32324	-8455	14900	-32305	-32327	-32329	-8963	7183807	0	0	0	0	0
-9130	363	-3177	21212	-32315	-32330	-32325	820	7183811	7184000	0	0	0	0
6140	32524	13108	32682	32576	32624	-32324	18275	7186170	0	0	0	0	0
4407	15890	10921	32439	12358	15558	-32336	11885	7186176	7186262	0	0	0	0
-16008	-32334	-13007	9916	-32313	-32317	-32318	-15141	7219926	0	0	0	0	0
-19935	-17944	-18098	5781	-32333	-32325	-32341	-16229	7219937	7220029	0	0	0	0
-6185	32677	-3170	21907	19963	32508	-32334	4097	7222420	0	0	0	0	0
-1372	27970	1499	25730	32512	32460	-32328	3759	7222430	7223402	0	0	0	0
-14286	-29742	-13784	9144	-32328	-32316	-32317	-14867	7225042	0	0	0	0	0
-20842	-28937	-22355	1297	-32309	-32335	-32326	-19834	7225049	7225670	0	0	0	0
-622	32692	-1836	22091	6491	25344	-32324	4253	7227420	0	0	0	0	0
10328	32484	10031	32707	32608	32583	-12648	14488	7227427	7227926	0	0	0	0
-1113	-6704	-3440	19108	-19987	-22779	-32324	-3632	7229921	0	0	0	0	0
-13734	-29089	-18983	4075	-32349	-32316	-32321	-18167	7229931	7230309	0	0	0	0
-3945	23427	-9550	13993	-11398	4933	-32382	-4574	7232435	7232555	0	0	0	0
9847	32511	5973	30117	32533	32565	-8055	11118	7266176	0	0	0	0	0
-3945	5926	-9208	13033	7069	5316	-32331	-8912	7266188	0	0	0	0	0
-19788	-32329	-28251	-6403	-32325	-32325	-32327	-30165	7266192	7266869	0	0	0	0
-17397	-2630	-25848	-2564	-32300	-24449	-32329	-21335	7268668	0	0	0	0	0
-4165	32532	-11443	11922	32459	32557	-19933	-4658	7268675	7269194	0	0	0	0
-827	19703	-8564	13796	32513	32529	-26790	-7104	7271297	0	0	0	0	0
-14494	-32340	-24633	-2565	-32321	-32329	-32320	-24741	7271304	0	0	0	0	0
-12835	-11097	-25032	-2636	-32324	-32321	-32325	-22703	7271310	7271526	0	0	0	0
3523	32502	-7865	14962	32621	32397	-32312	-2162	7273668	0	0	0	0	0
9977	32476	-791	21331	32548	32695	-3843	1808	7273674	0	0	0	0	0
-5863	-14485	-18929	2279	-27718	-32323	-32319	-20425	7273678	7273895	0	0	0	0
-13065	-19580	-28600	-7261	-32341	-32329	-32329	-28239	7278666	0	0	0	0	0
1702	32435	-13831	8165	18471	32483	-32284	-10038	7278672	7279401	0	0	0	0
3473	32767	-10513	11269	32767	32475	5340	-8137	7312435	0	0	0	0	0
-9471	-3855	-25106	-4521	-4255	-9782	-32338	-27349	7312447	7312664	0	0	0	0
-22604	-32329	-32317	-19628	-32324	-32313	-32324	-32329	7314915	0	0	0	0	0
-15918	16127	-32329	-12184	-10477	2923	-32328	-29760	7314923	7315001	0	0	0	0
1050	32503	-15071	6617	32482	32581	6209	-10433	7317416	0	0	0	0	0
672	15825	-15947	4601	21487	19240	-27259	-15835	7317423	7318336	0	0	0	0
-11069	-25657	-31148	-11546	-32335	-32325	-32310	-32327	7323666	0	0	0	0	0
-9466	7558	-30681	-10057	-29252	-18230	-32324	-28371	7323673	7323857	0	0	0	0
5689	32545	-14101	7111	32619	32716	-1206	-8847	7326164	0	0	0	0	0
6922	32440	-12697	7612	32515	32741	-1118	-10859	7326171	7327205	0	0	0	0
-8179	-17152	-30531	-11205	-32318	-32326	-32319	-31778	7328661	0	0	0	0	0
-11963	-4247	-32328	-16885	-32309	-32343	-32327	-32325	7328667	7329502	0	0	0	0
-7082	32488	-30719	-9908	32689	32524	-16835	-24233	7363749	0	0	0	0	0
55	32672	-22057	-1424	32395	32537	20837	-16365	7363762	7364070	0	0	0	0
-12291	-8523	-32323	-17225	-11393	-18446	-32363	-32326	7366166	0	0	0	0	0
-20002	-18498	-32309	-27619	-32308	-32333	-32328	-32328	7366177	0	0	0	0	0
-7008	32426	-32312	-11554	25628	32549	-21055	-23296	7366181	0	0	0	0	0
5596	32637	-17758	2881	32767	32558	32511	-9348	7366185	7366427	0	0	0	0
-503	10247	-24177	-4681	32435	18540	-3511	-19383	7368658	7368741	0	0	0	0
-9481	-19339	-32322	-16685	-32330	-32343	-32327	-31611	7371179	0	0	0	0	0
-2007	25756	-27959	-7631	13303	21652	-21311	-18495	7371192	0	0	0	0	0
13237	32447	-10121	10592	32508	32503	32444	1372	7371197	7371463	0	0	0	0
9356	32423	-13913	6045	32383	32484	32474	-6457	7373665	0	0	0	0	0
-1389	-16945	-26381	-7059	-17702	-29331	-32315	-20593	7373672	7374796	0	0	0	0
-3576	10521	-28558	-8203	3193	5113	-13938	-17910	7407458	0	0	0	0	0
4886	32767	-16961	4227	32428	32767	32484	-3594	7407469	7407802	0	0	0	0
5497	32614	-13892	6997	32444	32475	32661	-1306	7409924	0	0	0	0	0
-6953	-23290	-28222	-8300	-2457	-20841	5257	-20772	7409934	7410097	0	0	0	0
-10774	-17309	-32327	-11509	-17362	-24439	-13774	-21191	7412464	0	0	0	0	0
3132	32465	-15563	6589	32626	32465	32552	1401	7412473	7413442	0	0	0	0
19798	32444	3239	25101	32516	32435	32583	17146	7414936	0	0	0	0	0
6631	-10785	-10592	10028	17876	-1353	32486	-790	7414946	7415759	0	0	0	0
-4239	-28309	-22496	-1308	-29783	-32337	-10672	-11006	7417551	0	0	0	0	0
6711	25123	-10129	12169	32415	32478	32530	6086	7417560	7418040	0	0	0	0
18296	32531	4333	27677	32412	32508	32531	20988	7419922	7420296	0	0	0	0
11271	63	-2869	18909	32457	17991	32662	9247	7453679	0	0	0	0	0
-10912	-32329	-26585	-4590	-32338	-32340	-9271	-14659	7453690	0	0	0	0	0
-5568	-803	-20721	2376	599	673	25803	-4729	7453694	7454314	0	0	0	0
8865	32539	-2505	21417	32486	32385	32767	16556	7456201	0	0	0	0	0
4191	6968	-6269	16956	32388	32767	32391	9454	7456213	7456611	0	0	0	0
-10179	-32314	-22615	153	-32331	-32316	-2807	-9981	7458797	0	0	0	0	0
-11257	-19769	-23025	1312	-32345	-32327	-1678	-4030	7458805	7458888	0	0	0	0
9100	32706	-1097	23815	32697	32668	32481	20375	7461186	7462186	0	0	0	0
13206	27477	4465	29292	32453	32515	32590	22646	7463688	0	0	0	0	0
-3901	-30404	-14481	9461	-29185	-32335	5834	633	7463695	0	0	0	0	0
-11024	-28333	-23212	1864	-32319	-32344	-28141	-4347	7463702	7464467	0	0	0	0
1367	29836	-9758	16417	21591	32555	32450	13636	7467409	0	0	0	0	0
10401	32527	1094	27612	32650	32767	32526	23643	7467418	7467855	0	0	0	0
-11347	-18981	-22061	3019	-17743	-24651	9505	-4091	7507541	0	0	0	0	0
-25308	-32332	-32329	-12826	-32347	-32331	-32313	-17767	7507552	0	0	0	0	0
-12698	12583	-25669	1237	-8287	5360	3101	-926	7507556	7508480	0	0	0	0
866	32617	-10735	16429	32471	32718	32519	15244	7509906	0	0	0	0	0
-3889	1359	-16773	9367	7983	4533	32694	4351	7509913	0	0	0	0	0
-22125	-32332	-32324	-11305	-32325	-32326	-32314	-16425	7509917	7510774	0	0	0	0
-17725	-457	-32320	-5119	-32214	-17938	-28063	-4794	7512407	0	0	0	0	0
5371	32399	-9346	18784	32449	32767	32448	19845	7512414	7513040	0	0	0	0
4109	25125	-10887	16457	32447	32444	32742	14263	7514915	0	0	0	0	0
-9707	-27144	-27767	-881	-32326	-32331	-32315	-5031	7514925	7515334	0	0	0	0
-12347	-8387	-32304	-4407	-32338	-32322	-32320	-5769	7517579	7518619	0	0	0	0
4833	32482	-14024	14382	32767	32442	30429	15942	7524907	0	0	0	0	0
7335	32473	-10916	16926	32491	32464	32447	16726	7524918	0	0	0	0	0
-5868	-18513	-26950	142	-29238	-32341	-32341	-4335	7524922	7525128	0	0	0	0
-27227	-28577	-32315	-23145	-32325	-32329	-32327	-24600	7558731	0	0	0	0	0
-10409	27780	-32317	-3765	9489	25198	-9989	-2456	7558749	7559886	0	0	0	0
-4293	32391	-26025	3125	32532	32692	32603	4524	7561308	0	0	0	0	0
-10499	-9089	-32321	-6735	-14860	-20169	-29968	-9703	7561321	0	0	0	0	0
-25433	-32340	-32317	-25349	-32346	-32327	-32329	-27891	7561326	0	0	0	0	0
-15130	15795	-32307	-13726	-17813	-3547	-32298	-12273	7561331	7562269	0	0	0	0
1314	32439	-24677	3984	32486	32432	21353	5350	7563812	0	0	0	0	0
-88	15289	-27757	-694	10659	9213	-18042	-3725	7563823	7564558	0	0	0	0
-14013	-25385	-32326	-18813	-32329	-32327	-32335	-23029	7566169	0	0	0	0	0
-10699	9141	-32323	-16424	-32327	-22290	-32309	-17245	7566182	7567170	0	0	0	0
2777	32454	-28948	-1033	32519	32535	-1065	-309	7571222	0	0	0	0	0
3515	32419	-28701	-1917	32464	32552	-8903	-4215	7571234	7571623	0	0	0	0
-11208	-17177	-32327	-21068	-32321	-32322	-32329	-25493	7606235	7606893	0	0	0	0
-18873	-4873	-32320	-31481	-32324	-32323	-32327	-32328	7609434	0	0	0	0	0
-13697	32727	-32321	-23086	21888	32560	-32350	-21400	7609442	0	0	0	0	0
-1491	32517	-32343	-12019	32368	32507	-8681	-13597	7609447	0	0	0	0	0
-17379	-10089	-32316	-32005	-32305	-32330	-32331	-32325	7609450	0	0	0	0	0
-24720	-16903	-32328	-32325	-32324	-32326	-32335	-32328	7609454	7610273	0	0	0	0
-10063	32529	-32315	-26582	5957	26225	-32314	-25536	7611203	0	0	0	0	0
6784	32648	-32383	-9279	32423	32510	-1934	-10088	7611211	7611526	0	0	0	0
-2472	16065	-32313	-22391	2103	2508	-32319	-27148	7613699	7613787	0	0	0	0
-15651	-12333	-32328	-32334	-32336	-32327	-32325	-32316	7616172	0	0	0	0	0
-7879	32600	-32323	-32329	-4581	12240	-32321	-32340	7616185	0	0	0	0	0
5362	32655	-32329	-16212	32538	32369	1829	-15731	7616191	7617281	0	0	0	0
1731	32663	-32329	-21681	32476	32729	-25634	-24191	7651232	0	0	0	0	0
-17124	-11239	-32335	-32314	-32329	-32323	-32323	-32324	7651246	7652163	0	0	0	0
-24645	13399	-32306	-32329	-21560	-11283	-32325	-32333	7653803	0	0	0	0	0
-3227	32557	-32329	-28116	32676	32450	554	-26514	7653812	0	0	0	0	0
-1255	32485	-32346	-26609	32525	32767	9160	-26831	7653816	7654449	0	0	0	0
-13645	-6005	-32317	-32327	-16099	-24160	-32324	-32326	7656180	0	0	0	0	0
-12602	4969	-32319	-32329	-22707	-20267	-32333	-32337	7656189	0	0	0	0	0
4231	32494	-32318	-22796	32621	32539	7331	-19432	7656193	7656728	0	0	0	0
13128	32560	-32318	-12585	32481	32631	32322	-11012	7658681	0	0	0	0	0
2815	11159	-32321	-25707	18684	8171	-19149	-26752	7658690	7658974	0	0	0	0
-8460	-4059	-32321	-32324	-21599	-26125	-32313	-32331	7663680	0	0	0	0	0
1593	32555	-32307	-25850	32423	32631	4902	-21399	7663688	7664377	0	0	0	0
14949	32563	-32298	-10479	32680	32611	32452	-7906	7697428	7698168	0	0	0	0
-1539	17415	-32318	-28669	32492	32553	22939	-28000	7700688	0	0	0	0	0
-16697	-20465	-32330	-32329	-25431	-32337	-32322	-32312	7700698	0	0	0	0	0
-8352	22184	-32328	-32337	18492	20759	-4265	-30202	7700705	0	0	0	0	0
5868	32626	-32331	-17845	32586	32491	32435	-11345	7700709	0	0	0	0	0
3855	32471	-32329	-20154	32643	32600	32513	-16741	7700715	7701741	0	0	0	0
-3613	-17591	-32325	-29641	-12663	-29641	-17796	-27688	7702442	0	0	0	0	0
-1544	8433	-32329	-27281	1844	-1401	-7339	-22964	7702455	7703045	0	0	0	0
13531	32767	-30088	-8105	32465	32686	32669	-1627	7704951	7705398	0	0	0	0
18829	32657	-22821	-1851	32559	32587	32455	2199	7711163	0	0	0	0	0
3515	-11252	-32333	-19824	5525	-13722	15192	-18413	7711174	0	0	0	0	0
-3695	-9768	-32319	-27050	-13600	-22545	-9156	-23171	7711178	7712112	0	0	0	0
6266	32444	-32316	-14067	32459	32573	32331	-7260	7744941	0	0	0	0	0
9327	32440	-29050	-8206	32437	32597	32767	-3099	7744958	7745800	0	0	0	0
-4264	-14055	-32329	-22207	14261	-4537	32767	-18731	7747539	0	0	0	0	0
-11949	-32327	-32325	-31681	-32318	-32331	-15346	-27971	7747547	0	0	0	0	0
-4717	18960	-32317	-21384	25665	27223	32582	-13748	7747551	7748154	0	0	0	0
8683	32527	-25959	-4927	32505	32597	32506	2342	7750043	0	0	0	0	0
7834	3717	-26425	-6683	32522	19175	32430	-2313	7750055	0	0	0	0	0
-3902	-32014	-32344	-20987	-32303	-32325	-6846	-17083	7750059	7750553	0	0	0	0
861	7909	-32317	-14780	3035	4366	25785	-7200	7752413	0	0	0	0	0
15551	32539	-16707	3330	32767	32767	32401	12215	7752422	7752971	0	0	0	0
14118	21676	-16873	2061	32611	32646	32471	7854	7758749	0	0	0	0	0
-1263	-30540	-32320	-15486	-24553	-32328	8539	-11484	7758760	7759645	0	0	0	0
-2680	-10999	-32332	-17229	-18627	-21287	7075	-11562	7794950	7795203	0	0	0	0
3988	32766	-25561	-6375	32450	32532	32468	2669	7798158	0	0	0	0	0
6299	25976	-20970	-2267	32535	32606	32511	5003	7798166	0	0	0	0	0
-3380	-30635	-31564	-14186	-11884	-30931	24717	-10333	7798171	0	0	0	0	0
-15011	-32326	-32323	-25745	-32324	-32328	-10530	-18734	7798175	0	0	0	0	0
1328	22492	-25661	-6991	32457	32767	32564	1917	7798179	7798609	0	0	0	0
12344	32550	-11461	7142	32724	32609	32603	15371	7799912	0	0	0	0	0
7957	-16930	-16255	1111	11255	-8098	32502	5254	7799919	7800935	0	0	0	0
-2232	-32322	-28105	-10809	-32333	-32332	-10617	-6743	7802412	7803357	0	0	0	0
5365	9770	-18687	-272	14035	14912	32423	7356	7804925	0	0	0	0	0
19878	32475	-1123	17196	32536	32475	32460	24915	7804937	0	0	0	0	0
13681	-2355	-6926	10541	32382	16442	32650	14721	7804942	7805688	0	0	0	0
-393	-32324	-22435	-5205	-32324	-32329	-5653	-2359	7811191	0	0	0	0	0
163	-9771	-21848	-3833	-11131	-14073	17100	1650	7811222	7812264	0	0	0	0
5397	31569	-12854	6254	32699	32499	32299	14113	7845067	0	0	0	0	0
6882	3041	-9480	8877	32603	32446	32548	14722	7845083	0	0	0	0	0
-5963	-32330	-23545	-6098	-32305	-32328	2151	-3488	7845088	0	0	0	0	0
-7817	-32328	-26114	-8211	-32329	-32324	-5146	-4119	7845092	7845271	0	0	0	0
7586	21502	-7602	11409	32475	32767	32767	18642	7850051	0	0	0	0	0
14013	14913	1388	20420	32478	32509	32521	25764	7850062	7850816	0	0	0	0
7171	-32338	-6439	10935	-17076	-32334	22421	12711	7852422	0	0	0	0	0
-1023	-32329	-15783	1873	-32324	-32302	-20556	4477	7852431	7853139	0	0	0	0
10738	9417	-2061	16567	19777	20098	32450	22197	7855060	0	0	0	0	0
21736	26727	11795	30659	32458	32591	32418	32547	7855070	7855436	0	0	0	0
12099	-26988	2154	19745	1639	-18407	32578	19680	7859917	7860796	0	0	0	0
2848	-32329	-8908	7824	-32349	-32345	-31986	6231	7893709	0	0	0	0	0
-2629	-15403	-13725	4133	-15295	-18036	5514	5390	7893724	0	0	0	0	0
7474	15241	-612	17359	32679	32543	32459	18682	7893732	7893916	0	0	0	0
6374	-25288	-484	16373	6071	-10816	32767	13970	7896176	0	0	0	0	0
-9331	-32333	-18446	-2137	-32327	-32327	-32327	-7411	7896189	7897280	0	0	0	0
-4348	-32333	-12449	4813	-32338	-32305	-27657	2389	7898765	0	0	0	0	0
11833	15177	6013	23719	32622	32539	32537	21132	7898774	7899565	0	0	0	0
18483	-6387	13969	31162	27115	13743	32494	24586	7901153	7901802	0	0	0	0
4065	-32314	-2026	12862	-32330	-32311	-32332	2868	7903659	0	0	0	0	0
1397	-32325	-5483	9889	-32329	-32318	-32325	727	7903669	0	0	0	0	0
12838	6061	7774	23956	6589	9667	7247	16306	7903674	7904155	0	0	0	0
19587	7821	15949	31827	27895	22556	32324	21257	7906183	0	0	0	0	0
7479	-32333	2247	16588	-32326	-32293	-32311	1063	7906194	7906450	0	0	0	0
-5709	-32327	-12983	986	-32320	-32329	-32327	-15343	7939918	0	0	0	0	0
-4468	-6636	-10120	5029	-24958	-17145	-32327	-6502	7939928	7940405	0	0	0	0
8273	18403	4765	19713	32493	32481	19886	5750	7942402	0	0	0	0	0
2647	-25715	-665	12591	-12857	-22441	-23601	-4677	7942410	7942683	0	0	0	0
-5371	-32324	-9871	3370	-32323	-32307	-32348	-15356	7945049	0	0	0	0	0
6380	-921	4118	18668	10659	16345	-1071	2557	7945057	7946010	0	0	0	0
32628	32495	32468	32693	32558	32512	32392	32533	7947400	0	0	0	0	0
32672	-812	32612	32435	32650	32767	32621	32681	7947407	7948284	0	0	0	0
18577	-32317	25324	32477	1520	-27752	32633	14854	7949902	0	0	0	0	0
20828	-32325	30565	32767	15409	-4449	32707	22432	7949910	7950567	0	0	0	0
32582	10176	32767	32417	32440	32632	32648	32470	7952540	7952829	0	0	0	0
32721	-12943	32523	32406	32481	32420	32532	32471	7986167	0	0	0	0	0
18945	-32319	32767	32626	-21152	-32323	32484	18738	7986180	0	0	0	0	0
4503	-32297	26419	32397	-32327	-32328	6855	10525	7986184	7986613	0	0	0	0
13410	-32331	32672	32560	-288	-15609	32525	23652	7988649	0	0	0	0	0
19113	-29042	32640	32605	12911	-7676	32471	26877	7988656	7988972	0	0	0	0
4544	-32375	32556	32525	-32335	-32333	-13700	4471	7991266	0	0	0	0	0
-10100	-32320	14986	25035	-32349	-32308	-32358	-11635	7991275	0	0	0	0	0
2752	-32308	28003	32756	-32315	-32331	-32340	3293	7991279	7992414	0	0	0	0
16053	-7490	32767	32652	-22646	-19323	3245	14834	7993647	0	0	0	0	0
6009	-32340	32534	32601	-32322	-32313	-32330	-3517	7993654	0	0	0	0	0
-11406	-32333	9099	16649	-32328	-32327	-32315	-27597	7993658	7994763	0	0	0	0
-7203	-32322	11641	19951	-32325	-32329	-32318	-21547	7997399	0	0	0	0	0
9106	9705	27837	32529	-32320	-18009	-32317	-7175	7997409	7998181	0	0	0	0
-1331	-21397	15025	21397	-32322	-32308	-32365	-25561	8032576	0	0	0	0	0
-19082	-32337	-6001	-1400	-32322	-32326	-32324	-32328	8032588	8033007	0	0	0	0
-23723	-32327	-13001	-7885	-32319	-32328	-32325	-32331	8034928	0	0	0	0	0
-3490	16173	7379	12619	-32363	-8451	-32324	-32337	8034938	8035339	0	0	0	0
423	5250	10423	14389	-21581	-9732	-32330	-32313	8037526	0	0	0	0	0
-10899	-32336	-3823	-1482	-32323	-32325	-32324	-32330	8037539	0	0	0	0	0
-9358	-32329	-5777	-3883	-32325	-32326	-32329	-32333	8037543	0	0	0	0	0
4045	21629	7981	10372	-21648	-880	-32325	-32368	8037547	8037742	0	0	0	0
15525	32661	20581	22340	24274	32457	-32360	-25823	8039878	0	0	0	0	0
4073	-24015	6684	6625	-32324	-32331	-32333	-32345	8039885	8040111	0	0	0	0
-6406	-32344	-6227	-7138	-32323	-32326	-32325	-32329	8043647	8044528	0	0	0	0
6465	10624	7094	6955	-22987	-10363	-32366	-32331	8077546	0	0	0	0	0
12173	32758	15168	14686	32508	32560	-28684	-32322	8077558	0	0	0	0	0
7377	-6070	9562	7236	6567	-3309	-32329	-32334	8077564	8077736	0	0	0	0
-10619	-32334	-8719	-11846	-32323	-32328	-32325	-32317	8079901	0	0	0	0	0
-2432	-14081	-165	-3233	-29591	-30365	-32313	-32292	8079909	8080016	0	0	0	0
14682	32724	19971	16892	32576	32474	-2639	-28293	8082412	0	0	0	0	0
19529	5566	26387	21680	32767	22267	-6304	-26157	8082423	8083351	0	0	0	0
5922	-32330	10524	4370	-32325	-32331	-32325	-32334	8084910	8085598	0	0	0	0
6254	-23246	11323	5789	-32329	-32303	-32355	-32336	8087533	0	0	0	0	0
24042	32480	32495	28038	32601	32485	32631	-14551	8087541	0	0	0	0	0
31743	32656	32477	32456	32714	32529	32478	-5550	8087546	8087878	0	0	0	0
20731	-31687	32467	26107	12295	-15777	12264	-19893	8092401	0	0	0	0	0
15922	-32337	29475	21746	-8875	-32295	-5597	-22894	8092408	8093320	0	0	0	0
19813	9335	32503	31634	32492	32730	32767	-7336	8126192	0	0	0	0	0
31832	15585	32767	32518	32616	32632	32454	7214	8126204	8127139	0	0	0	0
21495	-32328	32557	32682	32691	-9958	32590	-4776	8128661	0	0	0	0	0
11247	-32336	32452	28033	-22832	-32333	32444	-13961	8128669	8129418	0	0	0	0
23578	-16751	32618	32649	32583	22343	32636	9816	8131282	0	0	0	0	0
32568	15981	32442	32458	32602	32501	32469	32664	8131289	8131721	0	0	0	0
32506	-29250	32508	32556	32487	32403	32439	32575	8133662	0	0	0	0	0
32684	-32341	32573	32471	3193	-32333	32470	28759	8133672	8134016	0	0	0	0
32480	-32333	32679	32660	32573	3636	32767	32479	8136282	0	0	0	0	0
32647	873	32646	32767	32550	32767	32450	32657	8136290	8137333	0	0	0	0
32412	-31619	32767	32599	32536	32767	32422	32376	8138669	8139573	0	0	0	0
32745	-32329	32448	32346	32430	-23046	32547	32487	8172526	0	0	0	0	0
32743	-32345	32385	32631	32525	-6047	32760	32367	8172537	0	0	0	0	0
32749	-32335	32482	32444	32729	32527	32648	32439	8172541	8173297	0	0	0	0
32536	-32315	32767	32767	32767	32767	32767	32582	8174891	0	0	0	0	0
32594	-32328	32550	32460	32465	-32328	32767	32492	8174897	8175563	0	0	0	0
32436	-32330	32571	32585	-18890	-32324	32472	32437	8177515	0	0	0	0	0
32511	-32328	32691	32581	32645	-9683	32445	32723	8177522	0	0	0	0	0
32392	-32331	32687	32764	32548	20286	32432	32553	8177526	8177823	0	0	0	0
32483	-32307	32521	32448	-8205	-32334	32514	32389	8179999	0	0	0	0	0
32534	-32331	32506	32411	-32334	-32335	32583	32521	8180005	0	0	0	0	0
32534	-32337	32467	32534	-32326	-32345	32555	32571	8180009	8181158	0	0	0	0
32584	-32327	32461	32431	32439	-3093	32339	32611	8184893	0	0	0	0	0
32455	-32364	32557	32537	-8413	-32327	32519	32505	8184903	8185543	0	0	0	0
32562	-32350	32767	32659	-32296	-32323	32423	32357	8218773	0	0	0	0	0
32435	-32331	32532	32505	-32299	-32321	32484	32499	8218785	8219283	0	0	0	0
32377	-32331	32667	32556	-32329	-32332	32595	32767	8221139	0	0	0	0	0
32701	-32361	32675	32637	-32327	-32339	32550	32646	8221145	8221534	0	0	0	0
21846	-32339	32568	32376	-32330	-32353	32690	32457	8223765	0	0	0	0	0
19189	-32336	32463	32697	-32338	-32328	23143	32474	8223773	8224814	0	0	0	0
32460	-32329	32491	32577	-32329	-32331	32384	32576	8226135	0	0	0	0	0
32452	-32329	32407	32392	-32328	-32339	32538	32581	8226142	8227054	0	0	0	0
28554	-32343	32439	32695	-32325	-32331	32485	32485	8228802	0	0	0	0	0
16036	-32332	32505	32481	-32332	-32329	-29874	32569	8228817	8229426	0	0	0	0
25512	-32348	32731	32692	-32328	-32369	23943	32639	8233647	0	0	0	0	0
32767	-32378	32628	32758	-32325	-32341	32440	32467	8233661	8233986	0	0	0	0
18737	-32357	32587	32538	-32333	-32333	8624	32524	8268779	0	0	0	0	0
1369	-32366	32392	32560	-32314	-32334	-32286	32767	8268793	8269096	0	0	0	0
4901	-32339	32537	32713	-32314	-32330	-32329	32528	8271134	0	0	0	0	0
17972	-32334	32535	32767	-32335	-32350	6120	32460	8271140	8271363	0	0	0	0
13800	-32319	32376	32767	-32311	-32314	-32352	32401	8273762	0	0	0	0	0
-6045	-32350	32719	32452	-32324	-32311	-32329	32440	8273770	0	0	0	0	0
-541	-32299	32523	32516	-32343	-32362	-32335	32430	8273774	8274699	0	0	0	0
16092	-32337	32509	32528	-32306	-32345	-32322	32573	8276260	0	0	0	0	0
19556	-32343	32577	32470	-32347	-32309	-32312	32481	8276267	0	0	0	0	0
2537	-32324	32416	32587	-32337	-32327	-32333	32692	8276271	8277013	0	0	0	0
-4535	-32300	32477	32503	-32314	-32338	-32372	32611	8278636	0	0	0	0	0
9787	-32323	32623	32562	-32327	-32326	-32329	32511	8278642	8279380	0	0	0	0
19719	-32350	32610	32697	-32343	-32395	-32328	32439	8312520	0	0	0	0	0
-2315	-32327	32403	32740	-32323	-32328	-32328	32548	8312533	8313290	0	0	0	0
-14833	-32346	32577	32517	-32323	-32322	-32329	32595	8314924	0	0	0	0	0
-4051	-32353	32619	32506	-32345	-32319	-32331	32566	8314932	8315565	0	0	0	0
11582	-32333	32477	32380	-32333	-32350	-32325	32480	8317511	0	0	0	0	0
6265	-32325	32449	32446	-32343	-32323	-32329	32619	8317518	8317840	0	0	0	0
-7609	-32332	32433	32679	-32344	-32350	-32377	32504	8319878	0	0	0	0	0
-7529	-32319	32525	32482	-32320	-32327	-32330	32698	8319885	8320106	0	0	0	0
4539	-32335	32701	32583	-32329	-32333	-32328	32451	8322517	0	0	0	0	0
1037	-32304	32403	32490	-32323	-32327	-32325	32549	8322524	8323460	0	0	0	0
-15180	-32332	32721	32391	-32328	-32314	-32331	32508	8327396	0	0	0	0	0
-15814	-32334	32448	32542	-32304	-32330	-32394	32509	8327407	8327939	0	0	0	0
-11393	-32338	32595	32531	-32328	-32325	-32314	32511	8361283	0	0	0	0	0
-6219	-32314	32767	32411	-32373	-32339	-32339	32454	8361298	0	0	0	0	0
-16869	-32345	32405	32676	-32320	-32329	-32315	32509	8361303	0	0	0	0	0
-22544	-32338	32546	32584	-32345	-32384	-32331	32586	8361307	8362006	0	0	0	0
-11291	-32330	32601	32594	-32323	-32311	-32332	32483	8363758	0	0	0	0	0
-4097	-32325	32564	32439	-32299	-32318	-32362	32648	8363765	8364310	0	0	0	0
-13027	-32349	32485	32428	-32320	-32314	-32312	32636	8366282	8366550	0	0	0	0
-29188	-32336	32632	32408	-32329	-32330	-32329	32408	8368741	0	0	0	0	0
-29508	-32352	32767	32487	-32335	-32334	-32333	32691	8368747	0	0	0	0	0
-29143	-32337	32653	32500	-32359	-32331	-32330	32568	8368751	8369883	0	0	0	0
-32324	-32338	32515	32535	-32323	-32333	-32319	32450	8373631	8374264	0	0	0	0
-32318	-32328	32535	32530	-32335	-32332	-32323	22242	8408763	0	0	0	0	0
-32326	-32333	14479	32602	-32328	-32329	-32330	-12153	8408774	0	0	0	0	0
-32325	-21817	12311	32692	-32325	-32325	-32327	-8731	8408779	8409222	0	0	0	0
-32300	13353	9554	32584	-32334	-32329	-32329	-14153	8411157	0	0	0	0	0
-32314	-7038	-14181	19766	-32319	-32330	-32321	-32352	8411167	8411504	0	0	0	0
-32314	12112	-30297	3906	-32361	-32317	-32346	-32332	8413785	0	0	0	0	0
-32348	32433	-29548	4551	-32324	-32345	-32327	-32325	8413814	0	0	0	0	0
-32327	32606	-27913	4945	-32345	-32329	-32327	-32332	8413819	0	0	0	0	0
-32317	32586	-32322	-23083	-32338	-32321	-32327	-32346	8413823	8414859	0	0	0	0
-32323	32451	-32319	-32329	-32327	-32319	-32331	-32330	8416331	0	0	0	0	0
-32326	32564	-32315	-32345	-32322	42	-32325	-32334	8416340	8417153	0	0	0	0
-32341	32708	-32316	-15913	-7880	32683	-32330	-32333	8418658	8419406	0	0	0	0
-32308	32767	-32317	-19945	-70	32528	-32329	-32353	8452548	0	0	0	0	0
-32327	32608	-32323	-32325	6954	32592	-32331	-32330	8452560	0	0	0	0	0
-25778	32741	-32373	-16446	32427	32708	-32339	-32376	8452564	8453350	0	0	0	0
-3538	32541	-21463	8854	32455	32658	-32327	-25939	8454908	0	0	0	0	0
8281	32626	-6013	23301	32655	32526	-32325	-10723	8454916	8455657	0	0	0	0
4133	32462	-8434	20625	32564	32524	-32355	-11926	8457554	0	0	0	0	0
20612	32428	14269	32499	32447	32603	31056	19438	8457562	8457906	0	0	0	0
32707	32633	32472	32643	32767	32495	32526	32520	8459936	8460171	0	0	0	0
32408	32705	32501	32631	32529	32481	32517	32600	8462553	0	0	0	0	0
32502	32666	32701	32534	32630	32461	32671	32544	8462562	0	0	0	0	0
32360	32413	32378	32609	32467	32744	32556	32513	8462567	8463504	0	0	0	0
32433	32609	32572	32504	32471	32717	32331	32572	8467408	0	0	0	0	0
32767	32438	32767	32425	32432	32514	32603	32767	8467417	8467895	0	0	0	0
32735	-31761	32382	32767	32576	32547	32767	32643	8501259	0	0	0	0	0
32767	-32365	32589	32601	32678	32504	32465	32683	8501271	8501970	0	0	0	0
32690	-32309	32556	32535	32434	32536	32416	32515	8503656	0	0	0	0	0
32406	-32311	32651	32553	32533	32514	32617	32657	8503665	8504248	0	0	0	0
32469	-32322	32723	32591	32423	16864	32654	32767	8506285	0	0	0	0	0
32471	-32344	32471	32455	20253	-32322	32405	32568	8506296	8506514	0	0	0	0
32554	-32315	32523	32470	32437	-32329	32407	32592	8508625	0	0	0	0	0
32403	-32337	32590	32467	32486	9452	32643	32467	8508637	8508794	0	0	0	0
32665	-32334	32557	32564	967	-32333	32522	32522	8511264	0	0	0	0	0
23445	-32334	32511	32466	-32346	-32332	32424	32509	8511272	8512117	0	0	0	0
16243	-32344	32767	32614	-32307	-32297	32401	32615	8513640	8514369	0	0	0	0
23536	-32323	32454	32467	-32337	-32347	32455	32643	8547531	0	0	0	0	0
8329	-32341	32464	32459	-32286	-32380	32634	32342	8547543	0	0	0	0	0
-15524	-32342	32580	32685	-32331	-32318	32480	32533	8547548	8548267	0	0	0	0
-27051	-32390	32638	32589	-32334	-32395	-30189	32625	8549890	0	0	0	0	0
-20681	-32310	32425	32629	-32303	-32340	11655	32764	8549901	8550570	0	0	0	0
-14168	-32326	32452	32563	-32308	-32347	17873	32449	8552513	0	0	0	0	0
-27501	-32329	32564	32489	-32333	-32331	-32331	32566	8552522	0	0	0	0	0
-32329	-32346	32767	32767	-32312	-32339	-32338	32710	8552528	8552882	0	0	0	0
-30330	-32342	32582	32303	-32319	-32308	-32329	32439	8554982	0	0	0	0	0
-18799	-22087	32708	32551	-32327	-32335	-32333	32423	8554990	0	0	0	0	0
-28084	-32331	32430	32481	-32344	-32335	-32326	32487	8554995	8555256	0	0	0	0
-32305	-32341	32565	32412	-32324	-32317	-32349	32444	8559878	0	0	0	0	0
-32338	-32345	32475	32701	-32321	-32327	-32327	32767	8559884	8560687	0	0	0	0
-32304	1411	32705	32350	-32331	-32341	-32342	32492	8593762	0	0	0	0	0
-32325	-25497	32535	32553	-32323	-32332	-32331	32687	8593776	8594463	0	0	0	0
-32313	-32307	22105	32767	-32312	-32327	-32320	32767	8596119	0	0	0	0	0
-32337	-28495	14801	32723	-32327	-32328	-32330	32516	8596125	8596703	0	0	0	0
-32341	32386	26209	32448	-32331	-20452	-32335	32486	8598734	0	0	0	0	0
-32333	32661	27842	32476	-32334	-11988	-32318	32492	8598745	8598980	0	0	0	0
-32326	-7781	8616	32462	-32321	-32329	-32310	32529	8601124	0	0	0	0	0
-32327	3903	-4708	32447	-32325	-32325	-32336	32767	8601131	8601215	0	0	0	0
-32329	32536	1879	32504	-32326	6215	-32332	32650	8606247	0	0	0	0	0
-32288	32396	6369	32565	-12477	32730	-32339	32767	8606255	8606575	0	0	0	0
-32377	32376	-13599	32385	-32329	-32321	-32356	32629	8608603	0	0	0	0	0
-32302	17620	-32320	32398	-32328	-32326	-32329	12604	8608611	8608819	0	0	0	0
-32321	32378	-32366	32589	-32325	-4377	-32335	8954	8643755	0	0	0	0	0
-32349	32557	-32322	32711	-229	32767	-32360	17036	8643766	8644613	0	0	0	0
-32323	32525	-32320	32419	-32329	-2777	-32330	-2889	8646119	0	0	0	0	0
-32324	30530	-32330	10101	-32329	-32315	-32326	-30612	8646125	8646857	0	0	0	0
-32329	32469	-32309	9004	-32329	-18098	-32324	-28775	8648746	0	0	0	0	0
-32330	32593	-32331	16862	2886	32445	-32330	-20121	8648753	0	0	0	0	0
-32352	32767	-32323	13718	-9290	32767	-32337	-26344	8648757	8649176	0	0	0	0
-32357	32635	-32328	-11589	-32321	-32327	-32321	-32326	8651277	0	0	0	0	0
-32324	32487	-32329	-21432	-32333	-14867	-32325	-32329	8651284	0	0	0	0	0
-32319	32499	-32324	-12796	9057	32512	-32335	-32347	8651289	8651520	0	0	0	0
-32328	32493	-32347	-15560	32459	32407	-32327	-32337	8653603	0	0	0	0	0
-32326	32508	-32325	-32324	-32331	11079	-32321	-32355	8653613	8653787	0	0	0	0
-32307	32660	-32367	-32329	-32310	-2643	-32328	-32314	8687524	0	0	0	0	0
-32328	32461	-32308	-32305	8037	32471	-32327	-32335	8687537	8687654	0	0	0	0
-32304	32767	-32337	-32345	32488	32477	-32325	-32331	8689864	0	0	0	0	0
-32326	32471	-32319	-32335	4007	32767	-32328	-32337	8689872	8690991	0	0	0	0
-32325	32571	-32332	-32333	-32332	16539	-32327	-32323	8692508	0	0	0	0	0
-32317	32452	-32324	-32309	17043	32579	-32327	-32340	8692516	8693282	0	0	0	0
-32348	32407	-32337	-32336	32435	32692	-32339	-32337	8694880	0	0	0	0	0
-32355	32421	-32323	-32332	32465	32691	-32308	-32354	8694888	8695552	0	0	0	0
-32325	32481	-32321	-32325	-56	32767	-32332	-32337	8697506	0	0	0	0	0
-32345	32414	-32319	-32322	30287	32509	-32342	-32351	8697514	8697834	0	0	0	0
-32327	32436	-32322	-32329	32712	32503	-32329	-32327	8702366	0	0	0	0	0
-32329	32517	-32324	-32329	32493	32732	-32333	-32339	8702377	8703303	0	0	0	0
-32327	32519	-32328	-32358	32570	32428	-32317	-32341	8738786	0	0	0	0	0
-32335	32704	-32333	-32314	28199	32488	-32329	-32311	8738801	8739459	0	0	0	0
-32314	32627	-32329	-32335	32461	32453	-32333	-32339	8741130	0	0	0	0	0
-32332	32767	-32314	-32316	32767	32767	-32327	-32335	8741138	8741760	0	0	0	0
-32311	32549	-32331	-32328	32741	32767	-32309	-32311	8743791	0	0	0	0	0
-32329	32375	-32329	-32331	32349	32531	-32323	-32341	8743800	0	0	0	0	0
-32342	32767	-32296	-32339	32552	32488	-32365	-32327	8743806	8744057	0	0	0	0
-32332	32455	-32335	-32358	32666	32608	-32329	-32331	8746239	0	0	0	0	0
-32324	32569	-32317	-32332	32557	32518	-32328	-32335	8746247	0	0	0	0	0
-32344	32508	-32359	-32325	32581	32394	-32323	-32325	8746251	8746352	0	0	0	0
-32317	32460	-32340	-32363	32478	32429	-32357	-32332	8748750	0	0	0	0	0
-27717	32435	-32336	-32321	32526	32528	-32338	-32315	8748760	8749721	0	0	0	0
-32333	32697	-32356	-32308	32505	32510	-32340	-32309	8787509	0	0	0	0	0
-32333	32559	-32380	-32325	32525	32486	-32346	-32330	8787524	8788154	0	0	0	0
-32324	32760	-32353	-32315	32517	32767	-32333	-32339	8789861	0	0	0	0	0
-32341	32498	-32323	-32315	32473	32525	-32350	-32316	8789870	8790489	0	0	0	0
-31385	32519	-32326	-32325	32405	32767	-32322	-32335	8792548	0	0	0	0	0
-32345	32410	-32322	-32329	32472	32540	-32322	-32334	8792577	8792825	0	0	0	0
-32347	32659	-32312	-32329	32460	32672	-32338	-32333	8794896	0	0	0	0	0
-26879	32684	-32329	-32314	32464	32641	-32366	-32316	8794908	8795139	0	0	0	0
-17673	32455	-32325	-32328	32743	32503	-31423	-32322	8797507	0	0	0	0	0
-28212	32368	-32333	-32341	32508	32592	-32327	-32329	8797516	8798509	0	0	0	0
-32336	32759	-32325	-32334	32495	32580	-32358	-32309	8800013	8800806	0	0	0	0
-27357	32578	-32329	-32331	32477	32477	-32334	-32348	8805012	0	0	0	0	0
-15600	32441	-32319	-32329	32583	32571	13271	-32351	8805023	0	0	0	0	0
-27176	32616	-32313	-32327	32423	32420	-28187	-32329	8805030	8805330	0	0	0	0
-32377	32724	-32329	-32324	32596	32431	-32333	-32376	8840742	0	0	0	0	0
-32327	32468	-32333	-32334	32707	32526	-32343	-32348	8840758	0	0	0	0	0
-23970	32439	-32313	-32301	32449	32425	32471	-32344	8841298	0	0	0	0	0
-22436	32372	-32337	-32339	32616	32536	32611	-32381	8841306	0	0	0	0	0
-32318	32591	-32327	-32332	32568	32469	-32329	-32331	8841311	8841894	0	0	0	0
-32333	32368	-32333	-32316	32424	32587	-32229	-32336	8843771	0	0	0	0	0
-15402	32468	-32343	-32321	32523	32432	32483	-32327	8843782	0	0	0	0	0
-9856	32573	-32319	-32327	32548	32702	32378	-32319	8843787	8844304	0	0	0	0
-23317	32417	-32323	-32332	32406	32396	18759	-32337	8846263	0	0	0	0	0
-25712	32456	-32324	-32330	32677	32503	-3287	-32291	8846272	8846650	0	0	0	0
-14266	32476	-32310	-32332	32703	32411	32549	-32367	8852543	0	0	0	0	0
-5074	32338	-32327	-32348	32761	32766	32562	-32342	8852553	8853404	0	0	0	0
-15882	32767	-32323	-32329	32646	32494	32564	-32328	8887545	0	0	0	0	0
-32307	32447	-32290	-32337	32767	32746	25995	-32339	8887558	8888055	0	0	0	0
-26037	32657	-32345	-32324	32454	32588	32639	-32302	8890115	0	0	0	0	0
-8918	32467	-32315	-32334	32457	32403	32568	-32333	8890127	0	0	0	0	0
-18768	32502	-32333	-32371	32564	32439	32436	-32327	8890132	0	0	0	0	0
-30370	32662	-32347	-32323	32536	32535	32637	-32331	8890136	8890384	0	0	0	0
-22539	32595	-32329	-32343	32444	32526	32364	-32338	8892509	0	0	0	0	0
-2361	32406	-32347	-32325	32560	32591	32477	-32354	8892521	8892727	0	0	0	0
-2738	32565	-32313	-32317	32487	32385	32433	-32367	8894840	8894998	0	0	0	0
-16955	32655	-32361	-32332	32445	32432	32554	-32339	8897510	0	0	0	0	0
-18885	32410	-32333	-32333	32460	32682	32525	-32354	8897519	0	0	0	0	0
-3929	32491	-32336	-32340	32547	32401	32511	-32322	8897524	8898417	0	0	0	0
1612	32660	-32337	-32331	32756	32604	32347	-32334	8931273	0	0	0	0	0
-16239	32767	-32338	-32304	32675	32679	32699	-32342	8931284	8931700	0	0	0	0
-29594	32525	-32343	-32336	32672	32733	32492	-32337	8933770	0	0	0	0	0
-12901	32503	-32340	-32330	32593	32767	32660	-32321	8933782	0	0	0	0	0
-3988	32477	-32322	-32362	32498	32436	32754	-32342	8933787	8934024	0	0	0	0
-11840	32523	-32315	-32329	32676	32552	32505	-32316	8938728	0	0	0	0	0
-15306	32578	-32355	-32338	32662	32621	32379	-32324	8938736	0	0	0	0	0
-5734	32569	-32325	-32326	32613	32468	32459	-32338	8938740	8939587	0	0	0	0
6659	32524	-32364	-32315	32545	32512	32329	-32306	8941229	0	0	0	0	0
3461	32445	-32327	-32369	32439	32611	32383	-32319	8941236	8941876	0	0	0	0
-10821	32513	-32327	-32351	32655	32767	32470	-32337	8946213	0	0	0	0	0
-7249	32406	-32329	-32317	32627	32459	32484	-32333	8946223	8946357	0	0	0	0
2899	32767	-32335	-32318	32592	32438	32528	-32377	8979868	8980525	0	0	0	0
-51	32641	-32362	-32313	32533	32486	32481	-32339	8983105	0	0	0	0	0
-12852	32650	-32331	-32336	32335	32701	32499	-32326	8983114	0	0	0	0	0
-12792	32767	-32331	-32319	32767	32331	32499	-32317	8983118	0	0	0	0	0
-1851	32594	-32349	-32333	32477	32489	32612	-32337	8983122	0	0	0	0	0
6785	32767	-32303	-32320	32445	32550	32519	-32355	8983127	8983980	0	0	0	0
234	32697	-32315	-32329	32473	32767	32714	-32330	8988730	0	0	0	0	0
-5357	32605	-32320	-32306	32725	32469	32536	-32373	8988740	8989563	0	0	0	0
6773	32503	-32351	-32317	32738	32465	32496	-32365	8991227	8991809	0	0	0	0
19897	32504	-32359	-32364	32713	32441	32647	-32329	8997476	0	0	0	0	0
9543	32471	-32320	-32347	32516	32444	32738	-32348	8997485	0	0	0	0	0
-3767	32532	-32329	-32338	32455	32671	32403	-32326	8997489	8998361	0	0	0	0
4211	32355	-32331	-32341	32546	32753	32371	-32334	8999978	9000598	0	0	0	0
12389	32601	-32332	-32313	32522	32409	32521	-32335	9033726	0	0	0	0	0
2665	32443	-32344	-32341	32489	32595	32733	-32305	9033737	0	0	0	0	0
-11436	32399	-32325	-32313	32423	32460	32706	-32339	9033741	9034554	0	0	0	0
-3050	32563	-32320	-32329	32428	32708	32512	-32372	9036225	0	0	0	0	0
7160	32767	-32318	-32347	32754	32627	32604	-32353	9036232	9036820	0	0	0	0
10040	32749	-32328	-32333	32742	32767	32528	-32312	9038724	0	0	0	0	0
-5395	32527	-32317	-32328	32396	32487	32550	-32321	9038730	0	0	0	0	0
-2056	32460	-32361	-32343	32412	32555	32605	-32343	9038734	0	0	0	0	0
13990	32528	-32331	-32340	32721	32579	32767	-32289	9038738	9039097	0	0	0	0
20639	32500	-32329	-32304	32570	32675	32459	-32331	9041208	0	0	0	0	0
7056	32379	-32332	-32333	32535	32539	32412	-32329	9041214	9041381	0	0	0	0
-1613	29284	-32343	-32313	32515	31198	32689	-32353	9043752	9044649	0	0	0	0
11289	32713	-32327	-32319	32513	32489	32445	-32338	9078233	0	0	0	0	0
17008	32767	-32335	-32325	32443	32603	32490	-32345	9078243	0	0	0	0	0
2714	32410	-32346	-32323	32709	32686	32693	-32356	9078247	0	0	0	0	0
-14499	7403	-32333	-32333	32501	9183	32619	-32311	9078251	0	0	0	0	0
-4162	32767	-32326	-32364	32678	32505	32537	-32352	9078255	9079336	0	0	0	0
11041	32696	-32335	-32318	32505	32509	32570	-32316	9079973	0	0	0	0	0
13735	32543	-32329	-32316	32698	32561	32434	-32329	9079980	9080575	0	0	0	0
2654	7723	-32324	-32327	32574	12204	32724	-32332	9082348	9082840	0	0	0	0
4755	29860	-32317	-32309	32556	32686	32515	-32336	9084970	0	0	0	0	0
17546	32627	-32331	-32333	32417	32695	32510	-32329	9084977	0	0	0	0	0
20403	32493	-32333	-32329	32425	32439	32615	-32338	9084981	9085087	0	0	0	0
7901	5269	-32319	-32328	32570	18613	32535	-32335	9093727	0	0	0	0	0
3740	5563	-32329	-32294	26240	8004	32543	-32341	9093736	9094625	0	0	0	0
1531	32595	-32327	-32336	32421	32407	32767	-32336	9127510	0	0	0	0	0
15726	32360	-32336	-32325	32767	32422	32573	-32330	9127525	0	0	0	0	0
4347	4909	-32331	-32341	32591	32487	32648	-32331	9127530	9128320	0	0	0	0
-4740	-17328	-32327	-32341	7956	-15867	32329	-32341	9129862	9130554	0	0	0	0
5648	31979	-32303	-32331	32341	32520	32558	-32364	9132598	0	0	0	0	0
17013	32516	-32313	-32329	32402	32648	32461	-32355	9132611	0	0	0	0	0
15298	14953	-32338	-32324	32531	32444	32532	-32314	9132617	0	0	0	0	0
5254	-24765	-32340	-32326	4803	-22329	32767	-32334	9132622	9132907	0	0	0	0
7584	10833	-32317	-32345	32523	26456	32366	-32342	9134981	0	0	0	0	0
22099	32347	-32320	-32354	32640	32429	32705	-32348	9134992	9135174	0	0	0	0
20345	24462	-32330	-32329	32551	32767	32445	-32331	9137501	9138433	0	0	0	0
8802	-28973	-32325	-32331	5555	-22541	32405	-32325	9172495	0	0	0	0	0
2522	-12884	-32317	-32345	8347	-7071	32535	-32341	9172512	0	0	0	0	0
12367	32682	-32352	-32292	32460	32607	32485	-32331	9172516	9173222	0	0	0	0
11659	25734	-32300	-32328	32497	32493	32508	-32307	9174968	0	0	0	0	0
2049	-32328	-32314	-32330	12062	-18073	32582	-32317	9174976	9175550	0	0	0	0
-4041	-32361	-32326	-32329	-14297	-32289	32599	-32345	9177465	0	0	0	0	0
11813	18900	-32323	-32378	32499	32595	32510	-32334	9177472	9177817	0	0	0	0
25024	32546	-32316	-32312	32699	32734	32471	-21450	9179971	9180053	0	0	0	0
15338	-21190	-32330	-32312	32439	1557	32518	-32329	9182472	0	0	0	0	0
4018	-32333	-32325	-32326	-25475	-32322	32559	-32322	9182482	0	0	0	0	0
13142	715	-32327	-32361	30566	21198	32446	-32320	9182487	9183470	0	0	0	0
26372	32441	-32328	-32305	32520	32547	32581	-13116	9184978	0	0	0	0	0
20502	-11150	-32329	-32330	32524	23609	32767	-23073	9184988	9185165	0	0	0	0
-2421	-32320	-32290	-32326	-25471	-32348	32467	-32355	9218756	0	0	0	0	0
-1015	-27273	-32334	-32334	2851	-11085	32450	-32298	9218772	9219038	0	0	0	0
18638	20814	-32309	-32331	32694	32658	32625	-15759	9221100	0	0	0	0	0
17220	-6675	-32344	-32328	32512	32767	32428	-18061	9221109	9221327	0	0	0	0
2693	-32331	-32327	-32328	-17474	-32339	32767	-32329	9226215	0	0	0	0	0
5796	-32330	-32338	-32326	-17627	-32330	32472	-27444	9226224	9226739	0	0	0	0
24198	10973	-32317	-32311	32507	32435	32419	-2536	9228729	0	0	0	0	0
29886	6484	-32326	-32327	32519	32758	32503	3989	9228736	9229017	0	0	0	0
17413	-32331	-32326	-32333	5892	-26345	32637	-12218	9231203	0	0	0	0	0
9364	-32324	-32355	-32355	-22979	-32355	32723	-17659	9231214	9231356	0	0	0	0
23190	-4896	-32359	-32315	32691	32474	32587	4740	9233741	0	0	0	0	0
32767	13136	-32320	-27425	32763	32568	32469	21141	9233750	9234652	0	0	0	0
